# Direct counterexample,  d = 10:  C(p) > 0 for every p in [76, 100]
claim 10 10 76 100 +
# p1 p2 lambda1 lambda2 tau0
76 76.019999999999996 1.41288090796 1.4134946321499999 0.0009765625
76.019999999999996 76.040000000000006 1.41286718931 1.4134809079599999 0.0009765625
76.040000000000006 76.060000000000002 1.41285347619 1.4134671893099999 0.0009765625
76.060000000000002 76.079999999999998 1.41283976861 1.4134534761899999 0.0009765625
76.079999999999998 76.099999999999994 1.4128260665500001 1.41343976861 0.0009765625
76.099999999999994 76.120000000000005 1.4128123700199999 1.41342606655 0.0009765625
76.120000000000005 76.140000000000001 1.41279867902 1.4134123700200001 0.0009765625
76.140000000000001 76.159999999999997 1.4127849935300001 1.4133986790199999 0.0009765625
76.159999999999997 76.180000000000007 1.41277131355 1.41338499353 0.0009765625
76.180000000000007 76.200000000000003 1.4127576390900001 1.4133713135499999 0.0009765625
76.200000000000003 76.219999999999999 1.41274397013 1.41335763909 0.0009765625
76.219999999999999 76.239999999999995 1.4127303066800001 1.4133439701299999 0.0009765625
76.239999999999995 76.260000000000005 1.41271664872 1.41333030668 0.0009765625
76.260000000000005 76.280000000000001 1.41270299627 1.41331664872 0.0009765625
76.280000000000001 76.299999999999997 1.4126893492999999 1.4133029962699999 0.0009765625
76.299999999999997 76.319999999999993 1.4126757078300001 1.4132893493000001 0.0009765625
76.319999999999993 76.340000000000003 1.41266207184 1.41327570783 0.0009765625
76.340000000000003 76.359999999999999 1.41264844134 1.41326207184 0.0009765625
76.359999999999999 76.379999999999995 1.41263481631 1.4132484413399999 0.0009765625
76.379999999999995 76.400000000000006 1.41262119676 1.4132348163099999 0.0009765625
76.400000000000006 76.420000000000002 1.41260758268 1.4132211967599999 0.0009765625
76.420000000000002 76.439999999999998 1.41259397407 1.4132075826799999 0.0009765625
76.439999999999998 76.459999999999994 1.41258037092 1.4131939740699999 0.0009765625
76.459999999999994 76.480000000000004 1.41256677323 1.4131803709199999 0.0009765625
76.480000000000004 76.5 1.412553181 1.41316677323 0.0009765625
76.5 76.519999999999996 1.4125395942300001 1.413153181 0.0009765625
76.519999999999996 76.540000000000006 1.4125260128999999 1.41313959423 0.0009765625
76.540000000000006 76.560000000000002 1.41251243703 1.4131260129000001 0.0009765625
76.560000000000002 76.579999999999998 1.41249886659 1.4131124370299999 0.0009765625
76.579999999999998 76.599999999999994 1.4124853016000001 1.4130988665899999 0.0009765625
76.599999999999994 76.620000000000005 1.4124717420399999 1.4130853016 0.0009765625
76.620000000000005 76.640000000000001 1.41245818791 1.4130717420400001 0.0009765625
76.640000000000001 76.659999999999997 1.4124446392200001 1.4130581879099999 0.0009765625
76.659999999999997 76.680000000000007 1.4124310959499999 1.41304463922 0.0009765625
76.680000000000007 76.700000000000003 1.4124175581 1.4130310959500001 0.0009765625
76.700000000000003 76.719999999999999 1.4124040256699999 1.4130175581 0.0009765625
76.719999999999999 76.739999999999995 1.41239049866 1.4130040256700001 0.0009765625
76.739999999999995 76.760000000000005 1.4123769770500001 1.4129904986599999 0.0009765625
76.760000000000005 76.780000000000001 1.41236346086 1.41297697705 0.0009765625
76.780000000000001 76.799999999999997 1.4123499500700001 1.4129634608599999 0.0009765625
76.799999999999997 76.819999999999993 1.41233644468 1.41294995007 0.0009765625
76.819999999999993 76.840000000000003 1.4123229446900001 1.4129364446799999 0.0009765625
76.840000000000003 76.859999999999999 1.4123094501 1.41292294469 0.0009765625
76.859999999999999 76.879999999999995 1.4122959608900001 1.4129094500999999 0.0009765625
76.879999999999995 76.900000000000006 1.41228247708 1.41289596089 0.0009765625
76.900000000000006 76.920000000000002 1.4122689986400001 1.4128824770799999 0.0009765625
76.920000000000002 76.939999999999998 1.41225552559 1.41286899864 0.0009765625
76.939999999999998 76.959999999999994 1.4122420579099999 1.4128555255899999 0.0009765625
76.959999999999994 76.980000000000004 1.41222859561 1.4128420579100001 0.0009765625
76.980000000000004 77 1.4122151386799999 1.41282859561 0.0009765625
77 77.019999999999996 1.41220168711 1.4128151386800001 0.0009765625
77.019999999999996 77.040000000000006 1.4121882409099999 1.41280168711 0.0009765625
77.040000000000006 77.060000000000002 1.4121748000700001 1.4127882409100001 0.0009765625
77.060000000000002 77.079999999999998 1.41216136458 1.41277480007 0.0009765625
77.079999999999998 77.099999999999994 1.4121479344500001 1.4127613645799999 0.0009765625
77.099999999999994 77.120000000000005 1.41213450966 1.41274793445 0.0009765625
77.120000000000005 77.140000000000001 1.4121210902200001 1.4127345096599999 0.0009765625
77.140000000000001 77.159999999999997 1.41210767613 1.41272109022 0.0009765625
77.159999999999997 77.180000000000007 1.4120942673700001 1.4127076761299999 0.0009765625
77.180000000000007 77.200000000000003 1.41208086395 1.41269426737 0.0009765625
77.200000000000003 77.219999999999999 1.4120674658600001 1.4126808639499999 0.0009765625
77.219999999999999 77.239999999999995 1.4120540731 1.41266746586 0.0009765625
77.239999999999995 77.260000000000005 1.4120406856700001 1.4126540730999999 0.0009765625
77.260000000000005 77.280000000000001 1.4120273035499999 1.41264068567 0.0009765625
77.280000000000001 77.299999999999997 1.41201392676 1.4126273035500001 0.0009765625
77.299999999999997 77.319999999999993 1.4120005552799999 1.41261392676 0.0009765625
77.319999999999993 77.340000000000003 1.41198718911 1.4126005552800001 0.0009765625
77.340000000000003 77.359999999999999 1.4119738282500001 1.4125871891099999 0.0009765625
77.359999999999999 77.379999999999995 1.4119604726999999 1.41257382825 0.0009765625
77.379999999999995 77.400000000000006 1.41194712245 1.4125604727000001 0.0009765625
77.400000000000006 77.420000000000002 1.41193377749 1.4125471224499999 0.0009765625
77.420000000000002 77.439999999999998 1.4119204378300001 1.41253377749 0.0009765625
77.439999999999998 77.459999999999994 1.4119071034599999 1.41252043783 0.0009765625
77.459999999999994 77.480000000000004 1.41189377438 1.4125071034600001 0.0009765625
77.480000000000004 77.5 1.41188045059 1.4124937743799999 0.0009765625
77.5 77.519999999999996 1.41186713207 1.4124804505899999 0.0009765625
77.519999999999996 77.540000000000006 1.4118538188300001 1.41246713207 0.0009765625
77.540000000000006 77.560000000000002 1.4118405108700001 1.41245381883 0.0009765625
77.560000000000002 77.579999999999998 1.4118272081800001 1.41244051087 0.0009765625
77.579999999999998 77.599999999999994 1.4118139107600001 1.41242720818 0.0009765625
77.599999999999994 77.620000000000005 1.4118006186000001 1.41241391076 0.0009765625
77.620000000000005 77.640000000000001 1.4117873317 1.4124006186 0.0009765625
77.640000000000001 77.659999999999997 1.41177405006 1.4123873317 0.0009765625
77.659999999999997 77.680000000000007 1.41176077367 1.4123740500599999 0.0009765625
77.680000000000007 77.700000000000003 1.4117475025399999 1.4123607736699999 0.0009765625
77.700000000000003 77.719999999999999 1.4117342366500001 1.4123475025400001 0.0009765625
77.719999999999999 77.739999999999995 1.411720976 1.41233423665 0.0009765625
77.739999999999995 77.760000000000005 1.4117077205999999 1.412320976 0.0009765625
77.760000000000005 77.780000000000001 1.4116944704400001 1.4123077206000001 0.0009765625
77.780000000000001 77.799999999999997 1.41168122551 1.41229447044 0.0009765625
77.799999999999997 77.819999999999993 1.4116679858000001 1.4122812255099999 0.0009765625
77.819999999999993 77.840000000000003 1.41165475133 1.4122679858 0.0009765625
77.840000000000003 77.859999999999999 1.41164152208 1.4122547513299999 0.0009765625
77.859999999999999 77.879999999999995 1.4116282980599999 1.41224152208 0.0009765625
77.879999999999995 77.900000000000006 1.41161507925 1.4122282980600001 0.0009765625
77.900000000000006 77.920000000000002 1.41160186565 1.4122150792499999 0.0009765625
77.920000000000002 77.939999999999998 1.41158865726 1.4122018656499999 0.0009765625
77.939999999999998 77.959999999999994 1.4115754540900001 1.41218865726 0.0009765625
77.959999999999994 77.980000000000004 1.4115622561100001 1.41217545409 0.0009765625
77.980000000000004 78 1.4115490633400001 1.41216225611 0.0009765625
78 78.019999999999996 1.4115358757700001 1.41214906334 0.0009765625
78.019999999999996 78.040000000000006 1.41152269339 1.41213587577 0.0009765625
78.040000000000006 78.060000000000002 1.4115095162 1.41212269339 0.0009765625
78.060000000000002 78.079999999999998 1.4114963441999999 1.4121095161999999 0.0009765625
78.079999999999998 78.099999999999994 1.4114831773800001 1.4120963442000001 0.0009765625
78.099999999999994 78.120000000000005 1.41147001574 1.41208317738 0.0009765625
78.120000000000005 78.140000000000001 1.4114568592900001 1.4120700157399999 0.0009765625
78.140000000000001 78.159999999999997 1.411443708 1.41205685929 0.0009765625
78.159999999999997 78.180000000000007 1.41143056189 1.4120437079999999 0.0009765625
78.180000000000007 78.200000000000003 1.4114174209499999 1.41203056189 0.0009765625
78.200000000000003 78.219999999999999 1.4114042851699999 1.41201742095 0.0009765625
78.219999999999999 78.239999999999995 1.41139115455 1.4120042851700001 0.0009765625
78.239999999999995 78.260000000000005 1.41137802909 1.4119911545499999 0.0009765625
78.260000000000005 78.280000000000001 1.41136490879 1.4119780290899999 0.0009765625
78.280000000000001 78.299999999999997 1.41135179364 1.4119649087899999 0.0009765625
78.299999999999997 78.319999999999993 1.4113386836299999 1.4119517936399999 0.0009765625
78.319999999999993 78.340000000000003 1.4113255787700001 1.4119386836300001 0.0009765625
78.340000000000003 78.359999999999999 1.41131247906 1.41192557877 0.0009765625
78.359999999999999 78.379999999999995 1.4112993844799999 1.4119124790599999 0.0009765625
78.379999999999995 78.400000000000006 1.41128629503 1.4118993844800001 0.0009765625
78.400000000000006 78.420000000000002 1.4112732107199999 1.41188629503 0.0009765625
78.420000000000002 78.439999999999998 1.41126013154 1.41187321072 0.0009765625
78.439999999999998 78.459999999999994 1.41124705749 1.4118601315399999 0.0009765625
78.459999999999994 78.480000000000004 1.41123398855 1.4118470574899999 0.0009765625
78.480000000000004 78.5 1.41122092474 1.41183398855 0.0009765625
78.5 78.519999999999996 1.41120786604 1.41182092474 0.0009765625
78.519999999999996 78.540000000000006 1.41119481245 1.41180786604 0.0009765625
78.540000000000006 78.560000000000002 1.4111817639799999 1.4117948124499999 0.0009765625
78.560000000000002 78.579999999999998 1.4111687206100001 1.4117817639800001 0.0009765625
78.579999999999998 78.599999999999994 1.41115568234 1.41176872061 0.0009765625
78.599999999999994 78.620000000000005 1.4111426491700001 1.4117556823399999 0.0009765625
78.620000000000005 78.640000000000001 1.4111296211 1.41174264917 0.0009765625
78.640000000000001 78.659999999999997 1.41111659812 1.4117296211000001 0.0009765625
78.659999999999997 78.680000000000007 1.41110358024 1.4117165981199999 0.0009765625
78.680000000000007 78.700000000000003 1.4110905674400001 1.41170358024 0.0009765625
78.700000000000003 78.719999999999999 1.41107755972 1.41169056744 0.0009765625
78.719999999999999 78.739999999999995 1.41106455709 1.41167755972 0.0009765625
78.739999999999995 78.760000000000005 1.4110515595299999 1.4116645570899999 0.0009765625
78.760000000000005 78.780000000000001 1.4110385670400001 1.4116515595300001 0.0009765625
78.780000000000001 78.799999999999997 1.41102557963 1.41163856704 0.0009765625
78.799999999999997 78.819999999999993 1.4110125972900001 1.4116255796299999 0.0009765625
78.819999999999993 78.840000000000003 1.4109996199999999 1.41161259729 0.0009765625
78.840000000000003 78.859999999999999 1.4109866477899999 1.4115996200000001 0.0009765625
78.859999999999999 78.879999999999995 1.4109736806199999 1.4115866477900001 0.0009765625
78.879999999999995 78.900000000000006 1.4109607185199999 1.4115736806200001 0.0009765625
78.900000000000006 78.920000000000002 1.4109477614599999 1.4115607185200001 0.0009765625
78.920000000000002 78.939999999999998 1.4109348094600001 1.41154776146 0.0009765625
78.939999999999998 78.959999999999994 1.4109218625 1.41153480946 0.0009765625
78.959999999999994 78.980000000000004 1.4109089205800001 1.4115218624999999 0.0009765625
78.980000000000004 79 1.4108959836999999 1.41150892058 0.0009765625
79 79.019999999999996 1.41088305186 1.4114959837000001 0.0009765625
79.019999999999996 79.040000000000006 1.41087012505 1.4114830518599999 0.0009765625
79.040000000000006 79.060000000000002 1.41085720327 1.4114701250499999 0.0009765625
79.060000000000002 79.079999999999998 1.4108442865199999 1.4114572032699999 0.0009765625
79.079999999999998 79.099999999999994 1.4108313747900001 1.4114442865200001 0.0009765625
79.099999999999994 79.120000000000005 1.41081846808 1.41143137479 0.0009765625
79.120000000000005 79.140000000000001 1.4108055663900001 1.4114184680799999 0.0009765625
79.140000000000001 79.159999999999997 1.4107926697099999 1.41140556639 0.0009765625
79.159999999999997 79.180000000000007 1.41077977804 1.4113926697100001 0.0009765625
79.180000000000007 79.200000000000003 1.41076689138 1.4113797780399999 0.0009765625
79.200000000000003 79.219999999999999 1.41075400973 1.4113668913799999 0.0009765625
79.219999999999999 79.239999999999995 1.4107411330699999 1.4113540097299999 0.0009765625
79.239999999999995 79.260000000000005 1.4107282614200001 1.4113411330700001 0.0009765625
79.260000000000005 79.280000000000001 1.41071539476 1.41132826142 0.0009765625
79.280000000000001 79.299999999999997 1.41070253309 1.4113153947599999 0.0009765625
79.299999999999997 79.319999999999993 1.4106896764100001 1.41130253309 0.0009765625
79.319999999999993 79.340000000000003 1.4106768247200001 1.41128967641 0.0009765625
79.340000000000003 79.359999999999999 1.4106639780100001 1.41127682472 0.0009765625
79.359999999999999 79.379999999999995 1.4106511362800001 1.41126397801 0.0009765625
79.379999999999995 79.400000000000006 1.41063829952 1.41125113628 0.0009765625
79.400000000000006 79.420000000000002 1.4106254677400001 1.4112382995199999 0.0009765625
79.420000000000002 79.439999999999998 1.4106126409299999 1.41122546774 0.0009765625
79.439999999999998 79.459999999999994 1.41059981908 1.4112126409300001 0.0009765625
79.459999999999994 79.480000000000004 1.4105870022 1.4111998190799999 0.0009765625
79.480000000000004 79.5 1.41057419028 1.4111870021999999 0.0009765625
79.5 79.519999999999996 1.4105613833199999 1.4111741902799999 0.0009765625
79.519999999999996 79.540000000000006 1.41054858132 1.4111613833200001 0.0009765625
79.540000000000006 79.560000000000002 1.4105357842599999 1.41114858132 0.0009765625
79.560000000000002 79.579999999999998 1.41052299216 1.4111357842600001 0.0009765625
79.579999999999998 79.599999999999994 1.41051020499 1.4111229921599999 0.0009765625
79.599999999999994 79.620000000000005 1.41049742278 1.4111102049899999 0.0009765625
79.620000000000005 79.640000000000001 1.4104846455 1.4110974227799999 0.0009765625
79.640000000000001 79.659999999999997 1.4104718731500001 1.4110846454999999 0.0009765625
79.659999999999997 79.680000000000007 1.41045910574 1.41107187315 0.0009765625
79.680000000000007 79.700000000000003 1.4104463432600001 1.4110591057399999 0.0009765625
79.700000000000003 79.719999999999999 1.4104335857100001 1.41104634326 0.0009765625
79.719999999999999 79.739999999999995 1.4104208330800001 1.41103358571 0.0009765625
79.739999999999995 79.760000000000005 1.4104080853700001 1.41102083308 0.0009765625
79.760000000000005 79.780000000000001 1.41039534258 1.41100808537 0.0009765625
79.780000000000001 79.799999999999997 1.4103826047100001 1.4109953425799999 0.0009765625
79.799999999999997 79.819999999999993 1.4103698717499999 1.41098260471 0.0009765625
79.819999999999993 79.840000000000003 1.41035714369 1.4109698717500001 0.0009765625
79.840000000000003 79.859999999999999 1.41034442054 1.4109571436899999 0.0009765625
79.859999999999999 79.879999999999995 1.4103317022899999 1.4109444205399999 0.0009765625
79.879999999999995 79.900000000000006 1.4103189889500001 1.4109317022900001 0.0009765625
79.900000000000006 79.920000000000002 1.4103062805 1.41091898895 0.0009765625
79.920000000000002 79.939999999999998 1.41029357694 1.4109062805000001 0.0009765625
79.939999999999998 79.959999999999994 1.41028087827 1.4108935769399999 0.0009765625
79.959999999999994 79.980000000000004 1.41026818449 1.41088087827 0.0009765625
79.980000000000004 80 1.4102554956 1.41086818449 0.0009765625
80 80.019999999999996 1.4102428115800001 1.4108554955999999 0.0009765625
80.019999999999996 80.040000000000006 1.41023013245 1.41084281158 0.0009765625
80.040000000000006 80.060000000000002 1.41021745819 1.4108301324500001 0.0009765625
80.060000000000002 80.079999999999998 1.4102047888 1.4108174581899999 0.0009765625
80.079999999999998 80.099999999999994 1.41019212428 1.4108047887999999 0.0009765625
80.099999999999994 80.120000000000005 1.4101794646300001 1.4107921242799999 0.0009765625
80.120000000000005 80.140000000000001 1.41016680984 1.41077946463 0.0009765625
80.140000000000001 80.159999999999997 1.41015415991 1.4107668098399999 0.0009765625
80.159999999999997 80.180000000000007 1.4101415148400001 1.41075415991 0.0009765625
80.180000000000007 80.200000000000003 1.41012887462 1.41074151484 0.0009765625
80.200000000000003 80.219999999999999 1.41011623925 1.41072887462 0.0009765625
80.219999999999999 80.239999999999995 1.4101036087400001 1.4107162392499999 0.0009765625
80.239999999999995 80.260000000000005 1.4100909830599999 1.41070360874 0.0009765625
80.260000000000005 80.280000000000001 1.4100783622299999 1.4106909830600001 0.0009765625
80.280000000000001 80.299999999999997 1.4100657462399999 1.4106783622300001 0.0009765625
80.299999999999997 80.319999999999993 1.4100531350800001 1.4106657462400001 0.0009765625
80.319999999999993 80.340000000000003 1.41004052876 1.41065313508 0.0009765625
80.340000000000003 80.359999999999999 1.41002792727 1.4106405287599999 0.0009765625
80.359999999999999 80.379999999999995 1.4100153306000001 1.41062792727 0.0009765625
80.379999999999995 80.400000000000006 1.41000273876 1.4106153306 0.0009765625
80.400000000000006 80.420000000000002 1.40999015174 1.41060273876 0.0009765625
80.420000000000002 80.439999999999998 1.4099775695400001 1.4105901517399999 0.0009765625
80.439999999999998 80.459999999999994 1.4099649921499999 1.41057756954 0.0009765625
80.459999999999994 80.480000000000004 1.4099524195799999 1.4105649921500001 0.0009765625
80.480000000000004 80.5 1.4099398518199999 1.4105524195800001 0.0009765625
80.5 80.519999999999996 1.4099272888600001 1.4105398518200001 0.0009765625
80.519999999999996 80.540000000000006 1.4099147307 1.41052728886 0.0009765625
80.540000000000006 80.560000000000002 1.40990217735 1.4105147307000001 0.0009765625
80.560000000000002 80.579999999999998 1.40988962879 1.4105021773499999 0.0009765625
80.579999999999998 80.599999999999994 1.40987708503 1.4104896287899999 0.0009765625
80.599999999999994 80.620000000000005 1.4098645460599999 1.4104770850299999 0.0009765625
80.620000000000005 80.640000000000001 1.40985201188 1.41046454606 0.0009765625
80.640000000000001 80.659999999999997 1.40983948248 1.4104520118799999 0.0009765625
80.659999999999997 80.680000000000007 1.40982695787 1.41043948248 0.0009765625
80.680000000000007 80.700000000000003 1.40981443804 1.4104269578699999 0.0009765625
80.700000000000003 80.719999999999999 1.4098019229800001 1.4104144380400001 0.0009765625
80.719999999999999 80.739999999999995 1.4097894126999999 1.41040192298 0.0009765625
80.739999999999995 80.760000000000005 1.4097769071899999 1.4103894127000001 0.0009765625
80.760000000000005 80.780000000000001 1.4097644064399999 1.4103769071900001 0.0009765625
80.780000000000001 80.799999999999997 1.40975191046 1.4103644064400001 0.0009765625
80.799999999999997 80.819999999999993 1.4097394192499999 1.41035191046 0.0009765625
80.819999999999993 80.840000000000003 1.4097269327899999 1.4103394192500001 0.0009765625
80.840000000000003 80.859999999999999 1.4097144510899999 1.4103269327900001 0.0009765625
80.859999999999999 80.879999999999995 1.4097019741500001 1.4103144510900001 0.0009765625
80.879999999999995 80.900000000000006 1.40968950195 1.41030197415 0.0009765625
80.900000000000006 80.920000000000002 1.4096770345 1.4102895019499999 0.0009765625
80.920000000000002 80.939999999999998 1.4096645718 1.4102770345 0.0009765625
80.939999999999998 80.959999999999994 1.40965211384 1.4102645718 0.0009765625
80.959999999999994 80.980000000000004 1.4096396606099999 1.4102521138399999 0.0009765625
80.980000000000004 81 1.40962721213 1.4102396606100001 0.0009765625
81 81.019999999999996 1.40961476837 1.4102272121299999 0.0009765625
81.019999999999996 81.040000000000006 1.40960232935 1.4102147683699999 0.0009765625
81.040000000000006 81.060000000000002 1.4095898950500001 1.4102023293499999 0.0009765625
81.060000000000002 81.079999999999998 1.40957746548 1.41018989505 0.0009765625
81.079999999999998 81.099999999999994 1.40956504063 1.4101774654799999 0.0009765625
81.099999999999994 81.120000000000005 1.4095526205 1.4101650406299999 0.0009765625
81.120000000000005 81.140000000000001 1.4095402050800001 1.4101526204999999 0.0009765625
81.140000000000001 81.159999999999997 1.40952779438 1.41014020508 0.0009765625
81.159999999999997 81.180000000000007 1.40951538839 1.4101277943799999 0.0009765625
81.180000000000007 81.200000000000003 1.4095029871 1.4101153883899999 0.0009765625
81.200000000000003 81.219999999999999 1.4094905905199999 1.4101029870999999 0.0009765625
81.219999999999999 81.239999999999995 1.40947819864 1.4100905905200001 0.0009765625
81.239999999999995 81.260000000000005 1.4094658114500001 1.4100781986399999 0.0009765625
81.260000000000005 81.280000000000001 1.40945342897 1.41006581145 0.0009765625
81.280000000000001 81.299999999999997 1.40944105117 1.41005342897 0.0009765625
81.299999999999997 81.319999999999993 1.4094286780700001 1.4100410511699999 0.0009765625
81.319999999999993 81.340000000000003 1.4094163096500001 1.41002867807 0.0009765625
81.340000000000003 81.359999999999999 1.4094039459200001 1.41001630965 0.0009765625
81.359999999999999 81.379999999999995 1.40939158687 1.41000394592 0.0009765625
81.379999999999995 81.400000000000006 1.4093792325000001 1.4099915868699999 0.0009765625
81.400000000000006 81.420000000000002 1.4093668828000001 1.4099792325 0.0009765625
81.420000000000002 81.439999999999998 1.4093545377800001 1.4099668828 0.0009765625
81.439999999999998 81.459999999999994 1.40934219742 1.40995453778 0.0009765625
81.459999999999994 81.480000000000004 1.4093298617300001 1.4099421974199999 0.0009765625
81.480000000000004 81.5 1.4093175307100001 1.40992986173 0.0009765625
81.5 81.519999999999996 1.4093052043500001 1.40991753071 0.0009765625
81.519999999999996 81.540000000000006 1.40929288264 1.40990520435 0.0009765625
81.540000000000006 81.560000000000002 1.4092805656 1.4098928826399999 0.0009765625
81.560000000000002 81.579999999999998 1.4092682532 1.4098805656 0.0009765625
81.579999999999998 81.599999999999994 1.40925594546 1.4098682532 0.0009765625
81.599999999999994 81.620000000000005 1.4092436423600001 1.4098559454499999 0.0009765625
81.620000000000005 81.640000000000001 1.4092313438999999 1.40984364236 0.0009765625
81.640000000000001 81.659999999999997 1.4092190500899999 1.4098313439000001 0.0009765625
81.659999999999997 81.680000000000007 1.4092067609200001 1.4098190500900001 0.0009765625
81.680000000000007 81.700000000000003 1.4091944763799999 1.40980676092 0.0009765625
81.700000000000003 81.719999999999999 1.40918219648 1.4097944763800001 0.0009765625
81.719999999999999 81.739999999999995 1.4091699212 1.4097821964799999 0.0009765625
81.739999999999995 81.760000000000005 1.4091576505600001 1.4097699212000001 0.0009765625
81.760000000000005 81.780000000000001 1.4091453845299999 1.40975765056 0.0009765625
81.780000000000001 81.799999999999997 1.4091331231299999 1.4097453845300001 0.0009765625
81.799999999999997 81.819999999999993 1.4091208663499999 1.4097331231300001 0.0009765625
81.819999999999993 81.840000000000003 1.40910861419 1.40972086635 0.0009765625
81.840000000000003 81.859999999999999 1.40909636664 1.4097086141899999 0.0009765625
81.859999999999999 81.879999999999995 1.40908412369 1.40969636664 0.0009765625
81.879999999999995 81.900000000000006 1.4090718853599999 1.40968412369 0.0009765625
81.900000000000006 81.920000000000002 1.40905965163 1.4096718853600001 0.0009765625
81.920000000000002 81.939999999999998 1.40904742251 1.40965965163 0.0009765625
81.939999999999998 81.959999999999994 1.40903519798 1.40964742251 0.0009765625
81.959999999999994 81.980000000000004 1.4090229780500001 1.4096351979799999 0.0009765625
81.980000000000004 82 1.4090107627099999 1.40962297805 0.0009765625
82 82.019999999999996 1.4089985519699999 1.4096107627100001 0.0009765625
82.019999999999996 82.040000000000006 1.40898634581 1.4095985519700001 0.0009765625
82.040000000000006 82.060000000000002 1.4089741442399999 1.40958634581 0.0009765625
82.060000000000002 82.079999999999998 1.4089619472499999 1.40957414424 0.0009765625
82.079999999999998 82.099999999999994 1.4089497548500001 1.4095619472500001 0.0009765625
82.099999999999994 82.120000000000005 1.4089375670099999 1.40954975485 0.0009765625
82.120000000000005 82.140000000000001 1.40892538376 1.4095375670100001 0.0009765625
82.140000000000001 82.159999999999997 1.40891320507 1.4095253837599999 0.0009765625
82.159999999999997 82.180000000000007 1.4089010309600001 1.4095132050700001 0.0009765625
82.180000000000007 82.200000000000003 1.4088888614099999 1.40950103096 0.0009765625
82.200000000000003 82.219999999999999 1.4088766964199999 1.4094888614100001 0.0009765625
82.219999999999999 82.239999999999995 1.4088645360000001 1.4094766964200001 0.0009765625
82.239999999999995 82.260000000000005 1.4088523801299999 1.409464536 0.0009765625
82.260000000000005 82.280000000000001 1.4088402288099999 1.4094523801300001 0.0009765625
82.280000000000001 82.299999999999997 1.4088280820500001 1.4094402288100001 0.0009765625
82.299999999999997 82.319999999999993 1.40881593984 1.40942808205 0.0009765625
82.319999999999993 82.340000000000003 1.40880380218 1.4094159398399999 0.0009765625
82.340000000000003 82.359999999999999 1.40879166906 1.4094038021799999 0.0009765625
82.359999999999999 82.379999999999995 1.4087795404800001 1.4093916690599999 0.0009765625
82.379999999999995 82.400000000000006 1.4087674164399999 1.40937954048 0.0009765625
82.400000000000006 82.420000000000002 1.4087552969399999 1.4093674164400001 0.0009765625
82.420000000000002 82.439999999999998 1.40874318197 1.4093552969400001 0.0009765625
82.439999999999998 82.459999999999994 1.4087310715300001 1.40934318197 0.0009765625
82.459999999999994 82.480000000000004 1.4087189656200001 1.40933107153 0.0009765625
82.480000000000004 82.5 1.40870686423 1.40931896562 0.0009765625
82.5 82.519999999999996 1.4086947673600001 1.40930686423 0.0009765625
82.519999999999996 82.540000000000006 1.4086826750200001 1.40929476736 0.0009765625
82.540000000000006 82.560000000000002 1.40867058719 1.40928267502 0.0009765625
82.560000000000002 82.579999999999998 1.4086585038799999 1.40927058719 0.0009765625
82.579999999999998 82.599999999999994 1.4086464250699999 1.4092585038800001 0.0009765625
82.599999999999994 82.620000000000005 1.4086343507800001 1.4092464250700001 0.0009765625
82.620000000000005 82.640000000000001 1.40862228099 1.40923435078 0.0009765625
82.640000000000001 82.659999999999997 1.40861021571 1.4092222809899999 0.0009765625
82.659999999999997 82.680000000000007 1.40859815492 1.4092102157099999 0.0009765625
82.680000000000007 82.700000000000003 1.4085860986300001 1.4091981549199999 0.0009765625
82.700000000000003 82.719999999999999 1.4085740468400001 1.40918609863 0.0009765625
82.719999999999999 82.739999999999995 1.4085619995400001 1.40917404684 0.0009765625
82.739999999999995 82.760000000000005 1.4085499567399999 1.40916199954 0.0009765625
82.760000000000005 82.780000000000001 1.40853791841 1.4091499567400001 0.0009765625
82.780000000000001 82.799999999999997 1.4085258845799999 1.4091379184099999 0.0009765625
82.799999999999997 82.819999999999993 1.4085138552200001 1.4091258845800001 0.0009765625
82.819999999999993 82.840000000000003 1.4085018303400001 1.40911385522 0.0009765625
82.840000000000003 82.859999999999999 1.4084898099400001 1.40910183034 0.0009765625
82.859999999999999 82.879999999999995 1.40847779402 1.40908980994 0.0009765625
82.879999999999995 82.900000000000006 1.40846578256 1.4090777940200001 0.0009765625
82.900000000000006 82.920000000000002 1.40845377557 1.4090657825599999 0.0009765625
82.920000000000002 82.939999999999998 1.4084417730500001 1.4090537755700001 0.0009765625
82.939999999999998 82.959999999999994 1.4084297749900001 1.40904177305 0.0009765625
82.959999999999994 82.980000000000004 1.4084177813900001 1.40902977499 0.0009765625
82.980000000000004 83 1.40840579225 1.40901778139 0.0009765625
83 83.019999999999996 1.40839380757 1.4090057922500001 0.0009765625
83.019999999999996 83.040000000000006 1.4083818273299999 1.4089938075699999 0.0009765625
83.040000000000006 83.060000000000002 1.4083698515500001 1.4089818273300001 0.0009765625
83.060000000000002 83.079999999999998 1.4083578802100001 1.40896985155 0.0009765625
83.079999999999998 83.099999999999994 1.40834591332 1.40895788021 0.0009765625
83.099999999999994 83.120000000000005 1.4083339508699999 1.40894591332 0.0009765625
83.120000000000005 83.140000000000001 1.4083219928499999 1.4089339508700001 0.0009765625
83.140000000000001 83.159999999999997 1.4083100392800001 1.4089219928500001 0.0009765625
83.159999999999997 83.180000000000007 1.40829809013 1.40891003928 0.0009765625
83.180000000000007 83.200000000000003 1.40828614542 1.4088980901299999 0.0009765625
83.200000000000003 83.219999999999999 1.4082742051399999 1.4088861454199999 0.0009765625
83.219999999999999 83.239999999999995 1.40826226928 1.4088742051400001 0.0009765625
83.239999999999995 83.260000000000005 1.40825033785 1.4088622692799999 0.0009765625
83.260000000000005 83.280000000000001 1.4082384108299999 1.4088503378499999 0.0009765625
83.280000000000001 83.299999999999997 1.40822648824 1.4088384108300001 0.0009765625
83.299999999999997 83.319999999999993 1.4082145700599999 1.4088264882399999 0.0009765625
83.319999999999993 83.340000000000003 1.4082026562900001 1.4088145700600001 0.0009765625
83.340000000000003 83.359999999999999 1.4081907469299999 1.40880265629 0.0009765625
83.359999999999999 83.379999999999995 1.4081788419800001 1.4087907469300001 0.0009765625
83.379999999999995 83.400000000000006 1.40816694143 1.40877884198 0.0009765625
83.400000000000006 83.420000000000002 1.40815504529 1.4087669414299999 0.0009765625
83.420000000000002 83.439999999999998 1.40814315354 1.40875504529 0.0009765625
83.439999999999998 83.459999999999994 1.4081312661900001 1.4087431535399999 0.0009765625
83.459999999999994 83.480000000000004 1.4081193832400001 1.40873126619 0.0009765625
83.480000000000004 83.5 1.40810750468 1.40871938324 0.0009765625
83.5 83.519999999999996 1.4080956305000001 1.4087075046799999 0.0009765625
83.519999999999996 83.540000000000006 1.4080837607200001 1.4086956305 0.0009765625
83.540000000000006 83.560000000000002 1.40807189531 1.40868376072 0.0009765625
83.560000000000002 83.579999999999998 1.40806003429 1.4086718953099999 0.0009765625
83.579999999999998 83.599999999999994 1.40804817765 1.40866003429 0.0009765625
83.599999999999994 83.620000000000005 1.4080363253799999 1.4086481776499999 0.0009765625
83.620000000000005 83.640000000000001 1.4080244774799999 1.4086363253800001 0.0009765625
83.640000000000001 83.659999999999997 1.4080126339600001 1.4086244774800001 0.0009765625
83.659999999999997 83.680000000000007 1.4080007948 1.40861263396 0.0009765625
83.680000000000007 83.700000000000003 1.40798896001 1.4086007947999999 0.0009765625
83.700000000000003 83.719999999999999 1.4079771295800001 1.4085889600099999 0.0009765625
83.719999999999999 83.739999999999995 1.4079653035199999 1.40857712958 0.0009765625
83.739999999999995 83.760000000000005 1.4079534818099999 1.4085653035200001 0.0009765625
83.760000000000005 83.780000000000001 1.40794166445 1.4085534818100001 0.0009765625
83.780000000000001 83.799999999999997 1.40792985145 1.40854166445 0.0009765625
83.799999999999997 83.819999999999993 1.4079180428 1.40852985145 0.0009765625
83.819999999999993 83.840000000000003 1.4079062385000001 1.4085180427999999 0.0009765625
83.840000000000003 83.859999999999999 1.4078944385400001 1.4085062385 0.0009765625
83.859999999999999 83.879999999999995 1.40788264292 1.40849443854 0.0009765625
83.879999999999995 83.900000000000006 1.40787085164 1.4084826429199999 0.0009765625
83.900000000000006 83.920000000000002 1.4078590647 1.40847085164 0.0009765625
83.920000000000002 83.939999999999998 1.4078472821000001 1.4084590646999999 0.0009765625
83.939999999999998 83.959999999999994 1.4078355038199999 1.4084472821 0.0009765625
83.959999999999994 83.980000000000004 1.40782372988 1.40843550382 0.0009765625
83.980000000000004 84 1.4078119602600001 1.40842372988 0.0009765625
84 84.019999999999996 1.4078001949700001 1.40841196026 0.0009765625
84.019999999999996 84.040000000000006 1.407788434 1.40840019497 0.0009765625
84.040000000000006 84.060000000000002 1.40777667734 1.4083884339999999 0.0009765625
84.060000000000002 84.079999999999998 1.4077649250099999 1.4083766773399999 0.0009765625
84.079999999999998 84.099999999999994 1.40775317699 1.4083649250100001 0.0009765625
84.099999999999994 84.120000000000005 1.40774143328 1.40835317699 0.0009765625
84.120000000000005 84.140000000000001 1.4077296938799999 1.4083414332799999 0.0009765625
84.140000000000001 84.159999999999997 1.4077179587799999 1.4083296938800001 0.0009765625
84.159999999999997 84.180000000000007 1.4077062279899999 1.4083179587800001 0.0009765625
84.180000000000007 84.200000000000003 1.4076945015 1.40830622799 0.0009765625
84.200000000000003 84.219999999999999 1.40768277931 1.4082945014999999 0.0009765625
84.219999999999999 84.239999999999995 1.4076710614200001 1.4082827793099999 0.0009765625
84.239999999999995 84.260000000000005 1.4076593478199999 1.40827106142 0.0009765625
84.260000000000005 84.280000000000001 1.4076476385100001 1.4082593478200001 0.0009765625
84.280000000000001 84.299999999999997 1.4076359334899999 1.40824763851 0.0009765625
84.299999999999997 84.319999999999993 1.4076242327499999 1.4082359334900001 0.0009765625
84.319999999999993 84.340000000000003 1.4076125363000001 1.4082242327500001 0.0009765625
84.340000000000003 84.359999999999999 1.4076008441300001 1.4082125363 0.0009765625
84.359999999999999 84.379999999999995 1.40758915624 1.40820084413 0.0009765625
84.379999999999995 84.400000000000006 1.4075774726300001 1.40818915624 0.0009765625
84.400000000000006 84.420000000000002 1.4075657932800001 1.40817747263 0.0009765625
84.420000000000002 84.439999999999998 1.40755411821 1.40816579328 0.0009765625
84.439999999999998 84.459999999999994 1.40754244741 1.4081541182099999 0.0009765625
84.459999999999994 84.480000000000004 1.4075307808799999 1.4081424474099999 0.0009765625
84.480000000000004 84.5 1.4075191186 1.4081307808800001 0.0009765625
84.5 84.519999999999996 1.40750746059 1.4081191185999999 0.0009765625
84.519999999999996 84.540000000000006 1.4074958068400001 1.4081074605899999 0.0009765625
84.540000000000006 84.560000000000002 1.4074841573400001 1.40809580684 0.0009765625
84.560000000000002 84.579999999999998 1.4074725121 1.40808415734 0.0009765625
84.579999999999998 84.599999999999994 1.4074608711100001 1.4080725121 0.0009765625
84.599999999999994 84.620000000000005 1.40744923436 1.40806087111 0.0009765625
84.620000000000005 84.640000000000001 1.4074376018700001 1.40804923436 0.0009765625
84.640000000000001 84.659999999999997 1.4074259736100001 1.40803760187 0.0009765625
84.659999999999997 84.680000000000007 1.4074143496 1.40802597361 0.0009765625
84.680000000000007 84.700000000000003 1.40740272982 1.4080143495999999 0.0009765625
84.700000000000003 84.719999999999999 1.40739111428 1.40800272982 0.0009765625
84.719999999999999 84.739999999999995 1.40737950298 1.4079911142799999 0.0009765625
84.739999999999995 84.760000000000005 1.4073678959 1.40797950298 0.0009765625
84.760000000000005 84.780000000000001 1.4073562930600001 1.4079678958999999 0.0009765625
84.780000000000001 84.799999999999997 1.4073446944400001 1.40795629306 0.0009765625
84.799999999999997 84.819999999999993 1.40733310004 1.40794469444 0.0009765625
84.819999999999993 84.840000000000003 1.40732150987 1.4079331000399999 0.0009765625
84.840000000000003 84.859999999999999 1.40730992391 1.40792150987 0.0009765625
84.859999999999999 84.879999999999995 1.40729834217 1.4079099239099999 0.0009765625
84.879999999999995 84.900000000000006 1.40728676464 1.40789834217 0.0009765625
84.900000000000006 84.920000000000002 1.4072751913299999 1.40788676464 0.0009765625
84.920000000000002 84.939999999999998 1.4072636222199999 1.4078751913300001 0.0009765625
84.939999999999998 84.959999999999994 1.40725205732 1.4078636222200001 0.0009765625
84.959999999999994 84.980000000000004 1.4072404966300001 1.40785205732 0.0009765625
84.980000000000004 85 1.40722894013 1.40784049663 0.0009765625
85 85.019999999999996 1.4072173878400001 1.4078289401299999 0.0009765625
85.019999999999996 85.040000000000006 1.40720583974 1.40781738784 0.0009765625
85.040000000000006 85.060000000000002 1.4071942958300001 1.40780583974 0.0009765625
85.060000000000002 85.079999999999998 1.4071827561200001 1.40779429583 0.0009765625
85.079999999999998 85.099999999999994 1.40717122059 1.40778275612 0.0009765625
85.099999999999994 85.120000000000005 1.40715968926 1.4077712205899999 0.0009765625
85.120000000000005 85.140000000000001 1.4071481620999999 1.4077596892599999 0.0009765625
85.140000000000001 85.159999999999997 1.40713663913 1.4077481621000001 0.0009765625
85.159999999999997 85.180000000000007 1.4071251203399999 1.4077366391299999 0.0009765625
85.180000000000007 85.200000000000003 1.40711360572 1.4077251203400001 0.0009765625
85.200000000000003 85.219999999999999 1.40710209528 1.4077136057199999 0.0009765625
85.219999999999999 85.239999999999995 1.4070905890100001 1.4077020952799999 0.0009765625
85.239999999999995 85.260000000000005 1.4070790869100001 1.40769058901 0.0009765625
85.260000000000005 85.280000000000001 1.40706758898 1.40767908691 0.0009765625
85.280000000000001 85.299999999999997 1.40705609521 1.4076675889800001 0.0009765625
85.299999999999997 85.319999999999993 1.4070446056100001 1.4076560952099999 0.0009765625
85.319999999999993 85.340000000000003 1.4070331201599999 1.40764460561 0.0009765625
85.340000000000003 85.359999999999999 1.4070216388800001 1.4076331201600001 0.0009765625
85.359999999999999 85.379999999999995 1.4070101617399999 1.40762163888 0.0009765625
85.379999999999995 85.400000000000006 1.4069986887599999 1.4076101617400001 0.0009765625
85.400000000000006 85.420000000000002 1.40698721993 1.40759868876 0.0009765625
85.420000000000002 85.439999999999998 1.40697575525 1.4075872199299999 0.0009765625
85.439999999999998 85.459999999999994 1.4069642947200001 1.4075757552499999 0.0009765625
85.459999999999994 85.480000000000004 1.4069528383200001 1.40756429472 0.0009765625
85.480000000000004 85.5 1.40694138607 1.40755283832 0.0009765625
85.5 85.519999999999996 1.40692993795 1.4075413860699999 0.0009765625
85.519999999999996 85.540000000000006 1.4069184939699999 1.4075299379499999 0.0009765625
85.540000000000006 85.560000000000002 1.4069070541299999 1.4075184939700001 0.0009765625
85.560000000000002 85.579999999999998 1.4068956184100001 1.4075070541300001 0.0009765625
85.579999999999998 85.599999999999994 1.4068841868299999 1.40749561841 0.0009765625
85.599999999999994 85.620000000000005 1.4068727593699999 1.4074841868300001 0.0009765625
85.620000000000005 85.640000000000001 1.40686133603 1.40747275937 0.0009765625
85.640000000000001 85.659999999999997 1.4068499168199999 1.4074613360299999 0.0009765625
85.659999999999997 85.680000000000007 1.40683850172 1.4074499168200001 0.0009765625
85.680000000000007 85.700000000000003 1.40682709074 1.40743850172 0.0009765625
85.700000000000003 85.719999999999999 1.4068156838799999 1.4074270907399999 0.0009765625
85.719999999999999 85.739999999999995 1.4068042811200001 1.40741568388 0.0009765625
85.739999999999995 85.760000000000005 1.40679288248 1.40740428112 0.0009765625
85.760000000000005 85.780000000000001 1.40678148794 1.4073928824799999 0.0009765625
85.780000000000001 85.799999999999997 1.4067700975099999 1.40738148794 0.0009765625
85.799999999999997 85.819999999999993 1.40675871118 1.4073700975100001 0.0009765625
85.819999999999993 85.840000000000003 1.4067473289500001 1.4073587111800001 0.0009765625
85.840000000000003 85.859999999999999 1.4067359508099999 1.40734732895 0.0009765625
85.859999999999999 85.879999999999995 1.4067245767800001 1.4073359508100001 0.0009765625
85.879999999999995 85.900000000000006 1.4067132068299999 1.40732457678 0.0009765625
85.900000000000006 85.920000000000002 1.4067018409800001 1.4073132068300001 0.0009765625
85.920000000000002 85.939999999999998 1.4066904792099999 1.40730184098 0.0009765625
85.939999999999998 85.959999999999994 1.4066791215300001 1.4072904792100001 0.0009765625
85.959999999999994 85.980000000000004 1.4066677679299999 1.40727912153 0.0009765625
85.980000000000004 86 1.4066564184200001 1.4072677679300001 0.0009765625
86 86.019999999999996 1.40664507298 1.40725641842 0.0009765625
86.019999999999996 86.040000000000006 1.4066337316199999 1.4072450729799999 0.0009765625
86.040000000000006 86.060000000000002 1.40662239433 1.4072337316200001 0.0009765625
86.060000000000002 86.079999999999998 1.40661106111 1.40722239433 0.0009765625
86.079999999999998 86.099999999999994 1.4065997319700001 1.4072110611099999 0.0009765625
86.099999999999994 86.120000000000005 1.4065884068800001 1.40719973197 0.0009765625
86.120000000000005 86.140000000000001 1.40657708587 1.40718840688 0.0009765625
86.140000000000001 86.159999999999997 1.40656576892 1.4071770858699999 0.0009765625
86.159999999999997 86.180000000000007 1.4065544560200001 1.4071657689199999 0.0009765625
86.180000000000007 86.200000000000003 1.4065431471800001 1.40715445602 0.0009765625
86.200000000000003 86.219999999999999 1.4065318424 1.40714314718 0.0009765625
86.219999999999999 86.239999999999995 1.40652054167 1.4071318424000001 0.0009765625
86.239999999999995 86.260000000000005 1.4065092450000001 1.4071205416699999 0.0009765625
86.260000000000005 86.280000000000001 1.4064979523700001 1.407109245 0.0009765625
86.280000000000001 86.299999999999997 1.40648666378 1.40709795237 0.0009765625
86.299999999999997 86.319999999999993 1.40647537924 1.4070866637799999 0.0009765625
86.319999999999993 86.340000000000003 1.4064640987399999 1.4070753792399999 0.0009765625
86.340000000000003 86.359999999999999 1.4064528222799999 1.40706409874 0.0009765625
86.359999999999999 86.379999999999995 1.40644154985 1.4070528222800001 0.0009765625
86.379999999999995 86.400000000000006 1.40643028146 1.40704154985 0.0009765625
86.400000000000006 86.420000000000002 1.4064190170999999 1.40703028146 0.0009765625
86.420000000000002 86.439999999999998 1.40640775677 1.4070190171000001 0.0009765625
86.439999999999998 86.459999999999994 1.4063965004700001 1.4070077567699999 0.0009765625
86.459999999999994 86.480000000000004 1.4063852481900001 1.40699650047 0.0009765625
86.480000000000004 86.5 1.40637399994 1.40698524819 0.0009765625
86.5 86.519999999999996 1.4063627557 1.4069739999399999 0.0009765625
86.519999999999996 86.540000000000006 1.4063515154899999 1.4069627557 0.0009765625
86.540000000000006 86.560000000000002 1.4063402792899999 1.4069515154900001 0.0009765625
86.560000000000002 86.579999999999998 1.4063290471000001 1.4069402792900001 0.0009765625
86.579999999999998 86.599999999999994 1.4063178189200001 1.4069290471 0.0009765625
86.599999999999994 86.620000000000005 1.40630659475 1.40691781892 0.0009765625
86.620000000000005 86.640000000000001 1.40629537459 1.4069065947499999 0.0009765625
86.640000000000001 86.659999999999997 1.4062841584300001 1.4068953745899999 0.0009765625
86.659999999999997 86.680000000000007 1.4062729462700001 1.40688415843 0.0009765625
86.680000000000007 86.700000000000003 1.40626173812 1.40687294627 0.0009765625
86.700000000000003 86.719999999999999 1.40625053396 1.4068617381199999 0.0009765625
86.719999999999999 86.739999999999995 1.4062393337900001 1.4068505339599999 0.0009765625
86.739999999999995 86.760000000000005 1.4062281376200001 1.40683933379 0.0009765625
86.760000000000005 86.780000000000001 1.40621694544 1.40682813762 0.0009765625
86.780000000000001 86.799999999999997 1.40620575724 1.4068169454399999 0.0009765625
86.799999999999997 86.819999999999993 1.4061945730400001 1.4068057572399999 0.0009765625
86.819999999999993 86.840000000000003 1.40618339281 1.40679457304 0.0009765625
86.840000000000003 86.859999999999999 1.4061722165699999 1.40678339281 0.0009765625
86.859999999999999 86.879999999999995 1.4061610443000001 1.4067722165700001 0.0009765625
86.879999999999995 86.900000000000006 1.40614987601 1.4067610443 0.0009765625
86.900000000000006 86.920000000000002 1.4061387116999999 1.4067498760099999 0.0009765625
86.920000000000002 86.939999999999998 1.40612755136 1.4067387117000001 0.0009765625
86.939999999999998 86.959999999999994 1.40611639499 1.4067275513599999 0.0009765625
86.959999999999994 86.980000000000004 1.40610524258 1.4067163949899999 0.0009765625
86.980000000000004 87 1.40609409414 1.40670524258 0.0009765625
87 87.019999999999996 1.40608294966 1.4066940941399999 0.0009765625
87.019999999999996 87.040000000000006 1.40607180915 1.40668294966 0.0009765625
87.040000000000006 87.060000000000002 1.40606067259 1.4066718091499999 0.0009765625
87.060000000000002 87.079999999999998 1.4060495399899999 1.4066606725899999 0.0009765625
87.079999999999998 87.099999999999994 1.40603841134 1.4066495399900001 0.0009765625
87.099999999999994 87.120000000000005 1.4060272866500001 1.4066384113399999 0.0009765625
87.120000000000005 87.140000000000001 1.4060161658999999 1.40662728665 0.0009765625
87.140000000000001 87.159999999999997 1.4060050491 1.4066161659 0.0009765625
87.159999999999997 87.180000000000007 1.40599393625 1.4066050490999999 0.0009765625
87.180000000000007 87.200000000000003 1.4059828273299999 1.40659393625 0.0009765625
87.200000000000003 87.219999999999999 1.4059717223599999 1.4065828273300001 0.0009765625
87.219999999999999 87.239999999999995 1.40596062133 1.4065717223600001 0.0009765625
87.239999999999995 87.260000000000005 1.40594952423 1.4065606213299999 0.0009765625
87.260000000000005 87.280000000000001 1.40593843107 1.4065495242299999 0.0009765625
87.280000000000001 87.299999999999997 1.40592734184 1.40653843107 0.0009765625
87.299999999999997 87.319999999999993 1.4059162565300001 1.4065273418399999 0.0009765625
87.319999999999993 87.340000000000003 1.40590517516 1.40651625653 0.0009765625
87.340000000000003 87.359999999999999 1.4058940977000001 1.40650517516 0.0009765625
87.359999999999999 87.379999999999995 1.40588302418 1.4064940977 0.0009765625
87.379999999999995 87.400000000000006 1.40587195457 1.4064830241799999 0.0009765625
87.400000000000006 87.420000000000002 1.4058608888799999 1.40647195457 0.0009765625
87.420000000000002 87.439999999999998 1.4058498270999999 1.4064608888800001 0.0009765625
87.439999999999998 87.459999999999994 1.4058387692400001 1.4064498271000001 0.0009765625
87.459999999999994 87.480000000000004 1.4058277152900001 1.40643876924 0.0009765625
87.480000000000004 87.5 1.4058166652499999 1.40642771529 0.0009765625
87.5 87.519999999999996 1.4058056191099999 1.4064166652500001 0.0009765625
87.519999999999996 87.540000000000006 1.40579457688 1.4064056191100001 0.0009765625
87.540000000000006 87.560000000000002 1.4057835385499999 1.4063945768799999 0.0009765625
87.560000000000002 87.579999999999998 1.40577250413 1.4063835385500001 0.0009765625
87.579999999999998 87.599999999999994 1.4057614735999999 1.4063725041299999 0.0009765625
87.599999999999994 87.620000000000005 1.40575044696 1.4063614736000001 0.0009765625
87.620000000000005 87.640000000000001 1.4057394242200001 1.4063504469599999 0.0009765625
87.640000000000001 87.659999999999997 1.4057284053700001 1.40633942422 0.0009765625
87.659999999999997 87.680000000000007 1.40571739041 1.40632840537 0.0009765625
87.680000000000007 87.700000000000003 1.40570637934 1.4063173904099999 0.0009765625
87.700000000000003 87.719999999999999 1.4056953721500001 1.4063063793399999 0.0009765625
87.719999999999999 87.739999999999995 1.40568436885 1.40629537215 0.0009765625
87.739999999999995 87.760000000000005 1.4056733694200001 1.40628436885 0.0009765625
87.760000000000005 87.780000000000001 1.40566237388 1.40627336942 0.0009765625
87.780000000000001 87.799999999999997 1.4056513822000001 1.40626237388 0.0009765625
87.799999999999997 87.819999999999993 1.40564039441 1.4062513822 0.0009765625
87.819999999999993 87.840000000000003 1.40562941048 1.4062403944099999 0.0009765625
87.840000000000003 87.859999999999999 1.4056184304199999 1.4062294104799999 0.0009765625
87.859999999999999 87.879999999999995 1.4056074542300001 1.4062184304200001 0.0009765625
87.879999999999995 87.900000000000006 1.40559648191 1.40620745423 0.0009765625
87.900000000000006 87.920000000000002 1.4055855134499999 1.4061964819099999 0.0009765625
87.920000000000002 87.939999999999998 1.40557454885 1.4061855134500001 0.0009765625
87.939999999999998 87.959999999999994 1.4055635880999999 1.4061745488499999 0.0009765625
87.959999999999994 87.980000000000004 1.40555263122 1.4061635881000001 0.0009765625
87.980000000000004 88 1.4055416781800001 1.4061526312199999 0.0009765625
88 88.019999999999996 1.4055307290000001 1.40614167818 0.0009765625
88.019999999999996 88.040000000000006 1.40551978367 1.406130729 0.0009765625
88.040000000000006 88.060000000000002 1.4055088421899999 1.4061197836699999 0.0009765625
88.060000000000002 88.079999999999998 1.40549790455 1.4061088421900001 0.0009765625
88.079999999999998 88.099999999999994 1.40548697075 1.4060979045499999 0.0009765625
88.099999999999994 88.120000000000005 1.4054760408 1.4060869707500001 0.0009765625
88.120000000000005 88.140000000000001 1.4054651146799999 1.4060760407999999 0.0009765625
88.140000000000001 88.159999999999997 1.4054541923999999 1.4060651146800001 0.0009765625
88.159999999999997 88.180000000000007 1.40544327396 1.4060541924000001 0.0009765625
88.180000000000007 88.200000000000003 1.40543235935 1.40604327396 0.0009765625
88.200000000000003 88.219999999999999 1.4054214485700001 1.4060323593499999 0.0009765625
88.219999999999999 88.239999999999995 1.40541054161 1.40602144857 0.0009765625
88.239999999999995 88.260000000000005 1.40539963848 1.4060105416099999 0.0009765625
88.260000000000005 88.280000000000001 1.40538873918 1.40599963848 0.0009765625
88.280000000000001 88.299999999999997 1.40537784369 1.4059887391799999 0.0009765625
88.299999999999997 88.319999999999993 1.4053669520300001 1.4059778436899999 0.0009765625
88.319999999999993 88.340000000000003 1.40535606418 1.40596695203 0.0009765625
88.340000000000003 88.359999999999999 1.4053451801500001 1.40595606418 0.0009765625
88.359999999999999 88.379999999999995 1.40533429993 1.40594518015 0.0009765625
88.379999999999995 88.400000000000006 1.4053234235200001 1.40593429993 0.0009765625
88.400000000000006 88.420000000000002 1.40531255092 1.40592342352 0.0009765625
88.420000000000002 88.439999999999998 1.40530168213 1.4059125509199999 0.0009765625
88.439999999999998 88.459999999999994 1.40529081714 1.4059016821300001 0.0009765625
88.459999999999994 88.480000000000004 1.40527995596 1.40589081714 0.0009765625
88.480000000000004 88.5 1.40526909857 1.4058799559599999 0.0009765625
88.5 88.519999999999996 1.40525824498 1.40586909857 0.0009765625
88.519999999999996 88.540000000000006 1.40524739519 1.4058582449799999 0.0009765625
88.540000000000006 88.560000000000002 1.4052365491900001 1.4058473951899999 0.0009765625
88.560000000000002 88.579999999999998 1.40522570698 1.40583654919 0.0009765625
88.579999999999998 88.599999999999994 1.4052148685600001 1.40582570698 0.0009765625
88.599999999999994 88.620000000000005 1.40520403393 1.40581486856 0.0009765625
88.620000000000005 88.640000000000001 1.4051932030800001 1.40580403393 0.0009765625
88.640000000000001 88.659999999999997 1.40518237602 1.40579320308 0.0009765625
88.659999999999997 88.680000000000007 1.4051715527399999 1.4057823760199999 0.0009765625
88.680000000000007 88.700000000000003 1.40516073323 1.4057715527400001 0.0009765625
88.700000000000003 88.719999999999999 1.40514991751 1.4057607332299999 0.0009765625
88.719999999999999 88.739999999999995 1.40513910555 1.4057499175099999 0.0009765625
88.739999999999995 88.760000000000005 1.4051282973699999 1.4057391055499999 0.0009765625
88.760000000000005 88.780000000000001 1.4051174929600001 1.40572829737 0.0009765625
88.780000000000001 88.799999999999997 1.40510669232 1.40571749296 0.0009765625
88.799999999999997 88.819999999999993 1.4050958954399999 1.4057066923199999 0.0009765625
88.819999999999993 88.840000000000003 1.4050851023299999 1.4056958954400001 0.0009765625
88.840000000000003 88.859999999999999 1.4050743129800001 1.4056851023300001 0.0009765625
88.859999999999999 88.879999999999995 1.4050635273900001 1.40567431298 0.0009765625
88.879999999999995 88.900000000000006 1.4050527455599999 1.40566352739 0.0009765625
88.900000000000006 88.920000000000002 1.4050419674800001 1.4056527455600001 0.0009765625
88.920000000000002 88.939999999999998 1.4050311931599999 1.40564196748 0.0009765625
88.939999999999998 88.959999999999994 1.40502042258 1.4056311931600001 0.0009765625
88.959999999999994 88.980000000000004 1.40500965576 1.40562042258 0.0009765625
88.980000000000004 89 1.4049988926800001 1.40560965576 0.0009765625
89 89.019999999999996 1.4049881333500001 1.40559889268 0.0009765625
89.019999999999996 89.040000000000006 1.4049773777600001 1.40558813335 0.0009765625
89.040000000000006 89.060000000000002 1.40496662591 1.40557737776 0.0009765625
89.060000000000002 89.079999999999998 1.40495587781 1.4055666259099999 0.0009765625
89.079999999999998 89.099999999999994 1.40494513343 1.4055558778099999 0.0009765625
89.099999999999994 89.120000000000005 1.40493439279 1.40554513343 0.0009765625
89.120000000000005 89.140000000000001 1.40492365589 1.4055343927899999 0.0009765625
89.140000000000001 89.159999999999997 1.4049129227099999 1.4055236558899999 0.0009765625
89.159999999999997 89.180000000000007 1.4049021932700001 1.4055129227100001 0.0009765625
89.180000000000007 89.200000000000003 1.4048914675499999 1.40550219327 0.0009765625
89.200000000000003 89.219999999999999 1.4048807455500001 1.4054914675500001 0.0009765625
89.219999999999999 89.239999999999995 1.4048700272700001 1.40548074555 0.0009765625
89.239999999999995 89.260000000000005 1.40485931272 1.40547002727 0.0009765625
89.260000000000005 89.280000000000001 1.4048486018799999 1.4054593127199999 0.0009765625
89.280000000000001 89.299999999999997 1.40483789476 1.4054486018800001 0.0009765625
89.299999999999997 89.319999999999993 1.4048271913499999 1.4054378947599999 0.0009765625
89.319999999999993 89.340000000000003 1.4048164916600001 1.40542719135 0.0009765625
89.340000000000003 89.359999999999999 1.40480579567 1.40541649166 0.0009765625
89.359999999999999 89.379999999999995 1.4047951033899999 1.4054057956699999 0.0009765625
89.379999999999995 89.400000000000006 1.4047844148199999 1.4053951033900001 0.0009765625
89.400000000000006 89.420000000000002 1.40477372995 1.4053844148200001 0.0009765625
89.420000000000002 89.439999999999998 1.40476304878 1.40537372995 0.0009765625
89.439999999999998 89.459999999999994 1.4047523713100001 1.40536304878 0.0009765625
89.459999999999994 89.480000000000004 1.40474169754 1.40535237131 0.0009765625
89.480000000000004 89.5 1.40473102746 1.4053416975399999 0.0009765625
89.5 89.519999999999996 1.4047203610800001 1.4053310274599999 0.0009765625
89.519999999999996 89.540000000000006 1.40470969839 1.40532036108 0.0009765625
89.540000000000006 89.560000000000002 1.4046990393800001 1.40530969839 0.0009765625
89.560000000000002 89.579999999999998 1.40468838407 1.40529903938 0.0009765625
89.579999999999998 89.599999999999994 1.4046777324299999 1.4052883840699999 0.0009765625
89.599999999999994 89.620000000000005 1.40466708448 1.4052777324300001 0.0009765625
89.620000000000005 89.640000000000001 1.4046564402199999 1.4052670844799999 0.0009765625
89.640000000000001 89.659999999999997 1.4046457996299999 1.4052564402200001 0.0009765625
89.659999999999997 89.680000000000007 1.40463516271 1.4052457996300001 0.0009765625
89.680000000000007 89.700000000000003 1.4046245294799999 1.4052351627099999 0.0009765625
89.700000000000003 89.719999999999999 1.40461389991 1.4052245294800001 0.0009765625
89.719999999999999 89.739999999999995 1.4046032740100001 1.4052138999099999 0.0009765625
89.739999999999995 89.760000000000005 1.40459265179 1.40520327401 0.0009765625
89.760000000000005 89.780000000000001 1.4045820332300001 1.40519265179 0.0009765625
89.780000000000001 89.799999999999997 1.40457141833 1.40518203323 0.0009765625
89.799999999999997 89.819999999999993 1.4045608071 1.4051714183299999 0.0009765625
89.819999999999993 89.840000000000003 1.40455019953 1.4051608070999999 0.0009765625
89.840000000000003 89.859999999999999 1.40453959561 1.40515019953 0.0009765625
89.859999999999999 89.879999999999995 1.40452899535 1.4051395956099999 0.0009765625
89.879999999999995 89.900000000000006 1.4045183987500001 1.4051289953499999 0.0009765625
89.900000000000006 89.920000000000002 1.4045078058 1.40511839875 0.0009765625
89.920000000000002 89.939999999999998 1.4044972165 1.4051078057999999 0.0009765625
89.939999999999998 89.959999999999994 1.4044866308499999 1.4050972165 0.0009765625
89.959999999999994 89.980000000000004 1.4044760488400001 1.4050866308500001 0.0009765625
89.980000000000004 90 1.4044654704799999 1.40507604884 0.0009765625
90 90.019999999999996 1.40445489576 1.4050654704800001 0.0009765625
90.019999999999996 90.040000000000006 1.40444432468 1.40505489576 0.0009765625
90.040000000000006 90.060000000000002 1.4044337572400001 1.40504432468 0.0009765625
90.060000000000002 90.079999999999998 1.40442319343 1.40503375724 0.0009765625
90.079999999999998 90.099999999999994 1.40441263326 1.4050231934299999 0.0009765625
90.099999999999994 90.120000000000005 1.4044020767200001 1.4050126332599999 0.0009765625
90.120000000000005 90.140000000000001 1.40439152381 1.40500207672 0.0009765625
90.140000000000001 90.159999999999997 1.40438097453 1.4049915238099999 0.0009765625
90.159999999999997 90.180000000000007 1.4043704288700001 1.4049809745299999 0.0009765625
90.180000000000007 90.200000000000003 1.40435988684 1.40497042887 0.0009765625
90.200000000000003 90.219999999999999 1.40434934843 1.4049598868399999 0.0009765625
90.219999999999999 90.239999999999995 1.4043388136499999 1.40494934843 0.0009765625
90.239999999999995 90.260000000000005 1.4043282824700001 1.4049388136500001 0.0009765625
90.260000000000005 90.280000000000001 1.4043177549200001 1.40492828247 0.0009765625
90.280000000000001 90.299999999999997 1.40430723098 1.40491775492 0.0009765625
90.299999999999997 90.319999999999993 1.4042967106499999 1.4049072309799999 0.0009765625
90.319999999999993 90.340000000000003 1.40428619393 1.4048967106500001 0.0009765625
90.340000000000003 90.359999999999999 1.4042756808200001 1.4048861939299999 0.0009765625
90.359999999999999 90.379999999999995 1.4042651713200001 1.40487568082 0.0009765625
90.379999999999995 90.400000000000006 1.4042546654200001 1.40486517132 0.0009765625
90.400000000000006 90.420000000000002 1.40424416312 1.40485466542 0.0009765625
90.420000000000002 90.439999999999998 1.40423366443 1.4048441631199999 0.0009765625
90.439999999999998 90.459999999999994 1.40422316933 1.4048336644299999 0.0009765625
90.459999999999994 90.480000000000004 1.4042126778299999 1.40482316933 0.0009765625
90.480000000000004 90.5 1.4042021899199999 1.4048126778300001 0.0009765625
90.5 90.519999999999996 1.4043917055999999 1.4046021899200001 0.0009765625
90.519999999999996 90.540000000000006 1.4043812248800001 1.4045917055999999 0.0009765625
90.540000000000006 90.560000000000002 1.40437074774 1.40458122488 0.0009765625
90.560000000000002 90.579999999999998 1.4043602741900001 1.40457074774 0.0009765625
90.579999999999998 90.599999999999994 1.40434980422 1.4045602741900001 0.0009765625
90.599999999999994 90.620000000000005 1.40433933784 1.40454980422 0.0009765625
90.620000000000005 90.640000000000001 1.40432887503 1.40453933784 0.0009765625
90.640000000000001 90.659999999999997 1.4043184158099999 1.40452887503 0.0009765625
90.659999999999997 90.680000000000007 1.4043079601599999 1.4045184158099999 0.0009765625
90.680000000000007 90.700000000000003 1.40429750808 1.4045079601599999 0.0009765625
90.700000000000003 90.719999999999999 1.4042870595800001 1.40449750808 0.0009765625
90.719999999999999 90.739999999999995 1.4042766146500001 1.4044870595800001 0.0009765625
90.739999999999995 90.760000000000005 1.4042661732899999 1.4044766146500001 0.0009765625
90.760000000000005 90.780000000000001 1.40425573549 1.4044661732899999 0.0009765625
90.780000000000001 90.799999999999997 1.40424530126 1.40445573549 0.0009765625
90.799999999999997 90.819999999999993 1.4042348705900001 1.40444530126 0.0009765625
90.819999999999993 90.840000000000003 1.40422444348 1.4044348705900001 0.0009765625
90.840000000000003 90.859999999999999 1.4042140199399999 1.40442444348 0.0009765625
90.859999999999999 90.879999999999995 1.40420359994 1.4044140199399999 0.0009765625
90.879999999999995 90.900000000000006 1.4041931835100001 1.40440359994 0.0009765625
90.900000000000006 90.920000000000002 1.4041827706200001 1.4043931835100001 0.0009765625
90.920000000000002 90.939999999999998 1.4041723612899999 1.4043827706200001 0.0009765625
90.939999999999998 90.959999999999994 1.40416195551 1.4043723612900001 0.0009765625
90.959999999999994 90.980000000000004 1.40415155327 1.40436195551 0.0009765625
90.980000000000004 91 1.40414115458 1.4043515532699999 0.0009765625
91 91.019999999999996 1.4041307594300001 1.40434115458 0.0009765625
91.019999999999996 91.040000000000006 1.40412036783 1.4043307594300001 0.0009765625
91.040000000000006 91.060000000000002 1.4041099797600001 1.40432036783 0.0009765625
91.060000000000002 91.079999999999998 1.4040995952299999 1.40430997976 0.0009765625
91.079999999999998 91.099999999999994 1.4040892142400001 1.4042995952299999 0.0009765625
91.099999999999994 91.120000000000005 1.4040788367699999 1.4042892142400001 0.0009765625
91.120000000000005 91.140000000000001 1.40406846285 1.4042788367700001 0.0009765625
91.140000000000001 91.159999999999997 1.4040580924499999 1.40426846285 0.0009765625
91.159999999999997 91.180000000000007 1.4040477255799999 1.4042580924500001 0.0009765625
91.180000000000007 91.200000000000003 1.40403736223 1.4042477255800001 0.0009765625
91.200000000000003 91.219999999999999 1.4040270024099999 1.40423736223 0.0009765625
91.219999999999999 91.239999999999995 1.4040166461100001 1.4042270024100001 0.0009765625
91.239999999999995 91.260000000000005 1.4040062933299999 1.4042166461100001 0.0009765625
91.260000000000005 91.280000000000001 1.4039959440700001 1.4042062933299999 0.0009765625
91.280000000000001 91.299999999999997 1.40398559833 1.40419594407 0.0009765625
91.299999999999997 91.319999999999993 1.4039752561000001 1.40418559833 0.0009765625
91.319999999999993 91.340000000000003 1.40396491738 1.4041752561 0.0009765625
91.340000000000003 91.359999999999999 1.4039545821699999 1.4041649173799999 0.0009765625
91.359999999999999 91.379999999999995 1.4039442504699999 1.4041545821700001 0.0009765625
91.379999999999995 91.400000000000006 1.40393392228 1.4041442504699999 0.0009765625
91.400000000000006 91.420000000000002 1.40392359759 1.40413392228 0.0009765625
91.420000000000002 91.439999999999998 1.40391327641 1.4041235975899999 0.0009765625
91.439999999999998 91.459999999999994 1.40390295872 1.4041132764099999 0.0009765625
91.459999999999994 91.480000000000004 1.40389264454 1.40410295872 0.0009765625
91.480000000000004 91.5 1.4038823338499999 1.4040926445399999 0.0009765625
91.5 91.519999999999996 1.40387202666 1.4040823338499999 0.0009765625
91.519999999999996 91.540000000000006 1.4038617229599999 1.40407202666 0.0009765625
91.540000000000006 91.560000000000002 1.4038514227500001 1.4040617229600001 0.0009765625
91.560000000000002 91.579999999999998 1.4038411260400001 1.4040514227500001 0.0009765625
91.579999999999998 91.599999999999994 1.40383083281 1.4040411260400001 0.0009765625
91.599999999999994 91.620000000000005 1.4038205430599999 1.40403083281 0.0009765625
91.620000000000005 91.640000000000001 1.4038102567999999 1.4040205430599999 0.0009765625
91.640000000000001 91.659999999999997 1.40379997402 1.4040102567999999 0.0009765625
91.659999999999997 91.680000000000007 1.4037896947199999 1.40399997402 0.0009765625
91.680000000000007 91.700000000000003 1.4037794188999999 1.4039896947199999 0.0009765625
91.700000000000003 91.719999999999999 1.40376914656 1.4039794189000001 0.0009765625
91.719999999999999 91.739999999999995 1.4037588776900001 1.4039691465599999 0.0009765625
91.739999999999995 91.760000000000005 1.40374861229 1.4039588776900001 0.0009765625
91.760000000000005 91.780000000000001 1.4037383503700001 1.40394861229 0.0009765625
91.780000000000001 91.799999999999997 1.4037280919099999 1.40393835037 0.0009765625
91.799999999999997 91.819999999999993 1.4037178369200001 1.4039280919099999 0.0009765625
91.819999999999993 91.840000000000003 1.4037075853900001 1.4039178369200001 0.0009765625
91.840000000000003 91.859999999999999 1.4036973373299999 1.40390758539 0.0009765625
91.859999999999999 91.879999999999995 1.40368709273 1.4038973373300001 0.0009765625
91.879999999999995 91.900000000000006 1.40367685158 1.40388709273 0.0009765625
91.900000000000006 91.920000000000002 1.4036666139 1.40387685158 0.0009765625
91.920000000000002 91.939999999999998 1.4036563796699999 1.4038666139 0.0009765625
91.939999999999998 91.959999999999994 1.4036461488900001 1.4038563796700001 0.0009765625
91.959999999999994 91.980000000000004 1.4036359215700001 1.40384614889 0.0009765625
91.980000000000004 92 1.4036256976999999 1.40383592157 0.0009765625
92 92.019999999999996 1.40361547727 1.4038256977000001 0.0009765625
92.019999999999996 92.040000000000006 1.40360526029 1.40381547727 0.0009765625
92.040000000000006 92.060000000000002 1.40359504675 1.40380526029 0.0009765625
92.060000000000002 92.079999999999998 1.4035848366599999 1.40379504675 0.0009765625
92.079999999999998 92.099999999999994 1.40357463001 1.4037848366600001 0.0009765625
92.099999999999994 92.120000000000005 1.4035644268 1.40377463001 0.0009765625
92.120000000000005 92.140000000000001 1.4035542270200001 1.4037644268 0.0009765625
92.140000000000001 92.159999999999997 1.40354403068 1.4037542270200001 0.0009765625
92.159999999999997 92.180000000000007 1.40353383777 1.40374403068 0.0009765625
92.180000000000007 92.200000000000003 1.40352364829 1.4037338377699999 0.0009765625
92.200000000000003 92.219999999999999 1.4035134622400001 1.40372364829 0.0009765625
92.219999999999999 92.239999999999995 1.40350327962 1.40371346224 0.0009765625
92.239999999999995 92.260000000000005 1.40349310043 1.40370327962 0.0009765625
92.260000000000005 92.280000000000001 1.40348292466 1.40369310043 0.0009765625
92.280000000000001 92.299999999999997 1.4034727523099999 1.40368292466 0.0009765625
92.299999999999997 92.319999999999993 1.4034625833800001 1.4036727523100001 0.0009765625
92.319999999999993 92.340000000000003 1.4034524178700001 1.4036625833800001 0.0009765625
92.340000000000003 92.359999999999999 1.4034422557799999 1.4036524178700001 0.0009765625
92.359999999999999 92.379999999999995 1.4034320971000001 1.4036422557799999 0.0009765625
92.379999999999995 92.400000000000006 1.40342194184 1.4036320971 0.0009765625
92.400000000000006 92.420000000000002 1.40341178998 1.40362194184 0.0009765625
92.420000000000002 92.439999999999998 1.4034016415399999 1.40361178998 0.0009765625
92.439999999999998 92.459999999999994 1.4033914965000001 1.4036016415399999 0.0009765625
92.459999999999994 92.480000000000004 1.40338135486 1.4035914965 0.0009765625
92.480000000000004 92.5 1.4033712166400001 1.40358135486 0.0009765625
92.5 92.519999999999996 1.40336108181 1.4035712166400001 0.0009765625
92.519999999999996 92.540000000000006 1.4033509503799999 1.4035610818099999 0.0009765625
92.540000000000006 92.560000000000002 1.4033408223499999 1.4035509503800001 0.0009765625
92.560000000000002 92.579999999999998 1.40333069772 1.4035408223500001 0.0009765625
92.579999999999998 92.599999999999994 1.4033205764800001 1.4035306977199999 0.0009765625
92.599999999999994 92.620000000000005 1.40331045863 1.4035205764800001 0.0009765625
92.620000000000005 92.640000000000001 1.40330034418 1.40351045863 0.0009765625
92.640000000000001 92.659999999999997 1.4032902331099999 1.40350034418 0.0009765625
92.659999999999997 92.680000000000007 1.40328012543 1.4034902331100001 0.0009765625
92.680000000000007 92.700000000000003 1.40327002114 1.40348012543 0.0009765625
92.700000000000003 92.719999999999999 1.40325992023 1.40347002114 0.0009765625
92.719999999999999 92.739999999999995 1.4032498227000001 1.40345992023 0.0009765625
92.739999999999995 92.760000000000005 1.40323972855 1.4034498227000001 0.0009765625
92.760000000000005 92.780000000000001 1.40322963778 1.40343972855 0.0009765625
92.780000000000001 92.799999999999997 1.40321955039 1.40342963778 0.0009765625
92.799999999999997 92.819999999999993 1.4032094663700001 1.40341955039 0.0009765625
92.819999999999993 92.840000000000003 1.40319938572 1.4034094663700001 0.0009765625
92.840000000000003 92.859999999999999 1.40318930845 1.40339938572 0.0009765625
92.859999999999999 92.879999999999995 1.40317923454 1.40338930845 0.0009765625
92.879999999999995 92.900000000000006 1.4031691639999999 1.40337923454 0.0009765625
92.900000000000006 92.920000000000002 1.4031590968300001 1.4033691639999999 0.0009765625
92.920000000000002 92.939999999999998 1.40314903302 1.40335909683 0.0009765625
92.939999999999998 92.959999999999994 1.4031389725700001 1.40334903302 0.0009765625
92.959999999999994 92.980000000000004 1.40312891548 1.4033389725700001 0.0009765625
92.980000000000004 93 1.4031188617499999 1.4033289154799999 0.0009765625
93 93.019999999999996 1.4031088113700001 1.4033188617500001 0.0009765625
93.019999999999996 93.040000000000006 1.4030987643499999 1.4033088113700001 0.0009765625
93.040000000000006 93.060000000000002 1.40308872069 1.4032987643499999 0.0009765625
93.060000000000002 93.079999999999998 1.4030786803699999 1.40328872069 0.0009765625
93.079999999999998 93.099999999999994 1.4030686433999999 1.4032786803699999 0.0009765625
93.099999999999994 93.120000000000005 1.40305860978 1.4032686433999999 0.0009765625
93.120000000000005 93.140000000000001 1.4030485795100001 1.4032586097799999 0.0009765625
93.140000000000001 93.159999999999997 1.40303855258 1.40324857951 0.0009765625
93.159999999999997 93.180000000000007 1.40302852899 1.40323855258 0.0009765625
93.180000000000007 93.200000000000003 1.40301850874 1.4032285289899999 0.0009765625
93.200000000000003 93.219999999999999 1.4030084918300001 1.40321850874 0.0009765625
93.219999999999999 93.239999999999995 1.40299847826 1.4032084918300001 0.0009765625
93.239999999999995 93.260000000000005 1.40298846802 1.40319847826 0.0009765625
93.260000000000005 93.280000000000001 1.40297846112 1.40318846802 0.0009765625
93.280000000000001 93.299999999999997 1.4029684575400001 1.40317846112 0.0009765625
93.299999999999997 93.319999999999993 1.4029584573 1.4031684575400001 0.0009765625
93.319999999999993 93.340000000000003 1.40294846038 1.4031584573 0.0009765625
93.340000000000003 93.359999999999999 1.40293846679 1.40314846038 0.0009765625
93.359999999999999 93.379999999999995 1.4029284765300001 1.40313846679 0.0009765625
93.379999999999995 93.400000000000006 1.40291848958 1.4031284765300001 0.0009765625
93.400000000000006 93.420000000000002 1.4029085059599999 1.40311848958 0.0009765625
93.420000000000002 93.439999999999998 1.40289852566 1.4031085059599999 0.0009765625
93.439999999999998 93.459999999999994 1.40288854867 1.4030985256599999 0.0009765625
93.459999999999994 93.480000000000004 1.4028785749999999 1.40308854867 0.0009765625
93.480000000000004 93.5 1.4028686046400001 1.4030785750000001 0.0009765625
93.5 93.519999999999996 1.4028586375900001 1.40306860464 0.0009765625
93.519999999999996 93.540000000000006 1.4028486738599999 1.40305863759 0.0009765625
93.540000000000006 93.560000000000002 1.40283871343 1.4030486738600001 0.0009765625
93.560000000000002 93.579999999999998 1.4028287563099999 1.40303871343 0.0009765625
93.579999999999998 93.599999999999994 1.4028188024899999 1.4030287563099999 0.0009765625
93.599999999999994 93.620000000000005 1.4028088519699999 1.4030188024900001 0.0009765625
93.620000000000005 93.640000000000001 1.40279890476 1.4030088519699999 0.0009765625
93.640000000000001 93.659999999999997 1.4027889608499999 1.40299890476 0.0009765625
93.659999999999997 93.680000000000007 1.4027790202299999 1.4029889608499999 0.0009765625
93.680000000000007 93.700000000000003 1.4027690829099999 1.4029790202300001 0.0009765625
93.700000000000003 93.719999999999999 1.40275914889 1.4029690829100001 0.0009765625
93.719999999999999 93.739999999999995 1.4027492181600001 1.40295914889 0.0009765625
93.739999999999995 93.760000000000005 1.40273929071 1.4029492181600001 0.0009765625
93.760000000000005 93.780000000000001 1.40272936656 1.40293929071 0.0009765625
93.780000000000001 93.799999999999997 1.4027194456900001 1.40292936656 0.0009765625
93.799999999999997 93.819999999999993 1.4027095281099999 1.40291944569 0.0009765625
93.819999999999993 93.840000000000003 1.4026996138200001 1.4029095281099999 0.0009765625
93.840000000000003 93.859999999999999 1.4026897028 1.4028996138200001 0.0009765625
93.859999999999999 93.879999999999995 1.4026797950700001 1.4028897028 0.0009765625
93.879999999999995 93.900000000000006 1.4026698906099999 1.40287979507 0.0009765625
93.900000000000006 93.920000000000002 1.40265998943 1.4028698906099999 0.0009765625
93.920000000000002 93.939999999999998 1.40265009152 1.40285998943 0.0009765625
93.939999999999998 93.959999999999994 1.40264019689 1.40285009152 0.0009765625
93.959999999999994 93.980000000000004 1.40263030553 1.4028401968899999 0.0009765625
93.980000000000004 94 1.4026204174400001 1.40283030553 0.0009765625
94 94.019999999999996 1.40261053262 1.4028204174400001 0.0009765625
94.019999999999996 94.040000000000006 1.40260065106 1.40281053262 0.0009765625
94.040000000000006 94.060000000000002 1.40259077277 1.40280065106 0.0009765625
94.060000000000002 94.079999999999998 1.4025808977400001 1.40279077277 0.0009765625
94.079999999999998 94.099999999999994 1.4025710259799999 1.40278089774 0.0009765625
94.099999999999994 94.120000000000005 1.4025611574700001 1.4027710259799999 0.0009765625
94.120000000000005 94.140000000000001 1.4025512922200001 1.4027611574700001 0.0009765625
94.140000000000001 94.159999999999997 1.4025414302200001 1.4027512922200001 0.0009765625
94.159999999999997 94.180000000000007 1.40253157148 1.4027414302200001 0.0009765625
94.180000000000007 94.200000000000003 1.4025217160000001 1.4027315714799999 0.0009765625
94.200000000000003 94.219999999999999 1.40251186376 1.4027217160000001 0.0009765625
94.219999999999999 94.239999999999995 1.40250201477 1.40271186376 0.0009765625
94.239999999999995 94.260000000000005 1.4024921690300001 1.40270201477 0.0009765625
94.260000000000005 94.280000000000001 1.4024823265299999 1.40269216903 0.0009765625
94.280000000000001 94.299999999999997 1.4024724872800001 1.4026823265299999 0.0009765625
94.299999999999997 94.319999999999993 1.40246265127 1.40267248728 0.0009765625
94.319999999999993 94.340000000000003 1.40245281851 1.40266265127 0.0009765625
94.340000000000003 94.359999999999999 1.4024429889800001 1.40265281851 0.0009765625
94.359999999999999 94.379999999999995 1.40243316268 1.4026429889800001 0.0009765625
94.379999999999995 94.400000000000006 1.4024233396200001 1.4026331626799999 0.0009765625
94.400000000000006 94.420000000000002 1.4024135198000001 1.4026233396200001 0.0009765625
94.420000000000002 94.439999999999998 1.4024037032100001 1.4026135198 0.0009765625
94.439999999999998 94.459999999999994 1.4023938898499999 1.4026037032100001 0.0009765625
94.459999999999994 94.480000000000004 1.40238407971 1.4025938898500001 0.0009765625
94.480000000000004 94.5 1.4023742728099999 1.40258407971 0.0009765625
94.5 94.519999999999996 1.4023644691199999 1.4025742728099999 0.0009765625
94.519999999999996 94.540000000000006 1.4023546686699999 1.4025644691200001 0.0009765625
94.540000000000006 94.560000000000002 1.40234487143 1.4025546686699999 0.0009765625
94.560000000000002 94.579999999999998 1.4023350774100001 1.40254487143 0.0009765625
94.579999999999998 94.599999999999994 1.40232528661 1.4025350774100001 0.0009765625
94.599999999999994 94.620000000000005 1.40231549903 1.40252528661 0.0009765625
94.620000000000005 94.640000000000001 1.40230571466 1.4025154990299999 0.0009765625
94.640000000000001 94.659999999999997 1.40229593351 1.40250571466 0.0009765625
94.659999999999997 94.680000000000007 1.4022861555699999 1.40249593351 0.0009765625
94.680000000000007 94.700000000000003 1.4022763808300001 1.4024861555699999 0.0009765625
94.700000000000003 94.719999999999999 1.40226660931 1.40247638083 0.0009765625
94.719999999999999 94.739999999999995 1.40225684099 1.40246660931 0.0009765625
94.739999999999995 94.760000000000005 1.4022470758800001 1.40245684099 0.0009765625
94.760000000000005 94.780000000000001 1.40223731397 1.4024470758800001 0.0009765625
94.780000000000001 94.799999999999997 1.4022275552600001 1.4024373139699999 0.0009765625
94.799999999999997 94.819999999999993 1.40221779975 1.4024275552600001 0.0009765625
94.819999999999993 94.840000000000003 1.40220804744 1.40241779975 0.0009765625
94.840000000000003 94.859999999999999 1.4021982983200001 1.40240804744 0.0009765625
94.859999999999999 94.879999999999995 1.4021885524 1.4023982983200001 0.0009765625
94.879999999999995 94.900000000000006 1.4021788096700001 1.4023885523999999 0.0009765625
94.900000000000006 94.920000000000002 1.40216907014 1.4023788096700001 0.0009765625
94.920000000000002 94.939999999999998 1.40215933379 1.40236907014 0.0009765625
94.939999999999998 94.959999999999994 1.40214960063 1.40235933379 0.0009765625
94.959999999999994 94.980000000000004 1.4021398706599999 1.40234960063 0.0009765625
94.980000000000004 95 1.40213014387 1.4023398706600001 0.0009765625
95 95.019999999999996 1.4021204202599999 1.40233014387 0.0009765625
95.019999999999996 95.040000000000006 1.4021106998399999 1.4023204202599999 0.0009765625
95.040000000000006 95.060000000000002 1.4021009825899999 1.4023106998399999 0.0009765625
95.060000000000002 95.079999999999998 1.40209126853 1.4023009825899999 0.0009765625
95.079999999999998 95.099999999999994 1.4020815576400001 1.40229126853 0.0009765625
95.099999999999994 95.120000000000005 1.40207184992 1.4022815576400001 0.0009765625
95.120000000000005 95.140000000000001 1.40206214538 1.40227184992 0.0009765625
95.140000000000001 95.159999999999997 1.402052444 1.4022621453799999 0.0009765625
95.159999999999997 95.180000000000007 1.4020427458 1.4022524439999999 0.0009765625
95.180000000000007 95.200000000000003 1.4020330507700001 1.4022427458 0.0009765625
95.200000000000003 95.219999999999999 1.4020233589 1.40223305077 0.0009765625
95.219999999999999 95.239999999999995 1.4020136701899999 1.4022233588999999 0.0009765625
95.239999999999995 95.260000000000005 1.4020039846500001 1.4022136701900001 0.0009765625
95.260000000000005 95.280000000000001 1.4019943022700001 1.4022039846500001 0.0009765625
95.280000000000001 95.299999999999997 1.4019846230499999 1.4021943022700001 0.0009765625
95.299999999999997 95.319999999999993 1.40197494699 1.4021846230499999 0.0009765625
95.319999999999993 95.340000000000003 1.4019652740799999 1.40217494699 0.0009765625
95.340000000000003 95.359999999999999 1.4019556043300001 1.4021652740799999 0.0009765625
95.359999999999999 95.379999999999995 1.4019459377300001 1.4021556043300001 0.0009765625
95.379999999999995 95.400000000000006 1.4019362742899999 1.4021459377300001 0.0009765625
95.400000000000006 95.420000000000002 1.40192661399 1.4021362742900001 0.0009765625
95.420000000000002 95.439999999999998 1.4019169568400001 1.4021266139899999 0.0009765625
95.439999999999998 95.459999999999994 1.40190730283 1.40211695684 0.0009765625
95.459999999999994 95.480000000000004 1.4018976519799999 1.40210730283 0.0009765625
95.480000000000004 95.5 1.4018880042599999 1.4020976519799999 0.0009765625
95.5 95.519999999999996 1.40187835969 1.4020880042599999 0.0009765625
95.519999999999996 95.540000000000006 1.40186871825 1.4020783596899999 0.0009765625
95.540000000000006 95.560000000000002 1.4018590799599999 1.40206871825 0.0009765625
95.560000000000002 95.579999999999998 1.4018494448000001 1.4020590799599999 0.0009765625
95.579999999999998 95.599999999999994 1.40183981277 1.4020494448 0.0009765625
95.599999999999994 95.620000000000005 1.40183018388 1.40203981277 0.0009765625
95.620000000000005 95.640000000000001 1.4018205581200001 1.40203018388 0.0009765625
95.640000000000001 95.659999999999997 1.4018109354899999 1.40202055812 0.0009765625
95.659999999999997 95.680000000000007 1.40180131599 1.4020109354900001 0.0009765625
95.680000000000007 95.700000000000003 1.4017916996099999 1.40200131599 0.0009765625
95.700000000000003 95.719999999999999 1.4017820863599999 1.4019916996099999 0.0009765625
95.719999999999999 95.739999999999995 1.4017724762399999 1.4019820863600001 0.0009765625
95.739999999999995 95.760000000000005 1.4017628692299999 1.4019724762400001 0.0009765625
95.760000000000005 95.780000000000001 1.40175326535 1.4019628692299999 0.0009765625
95.780000000000001 95.799999999999997 1.4017436645800001 1.40195326535 0.0009765625
95.799999999999997 95.819999999999993 1.40173406693 1.4019436645800001 0.0009765625
95.819999999999993 95.840000000000003 1.4017244724 1.40193406693 0.0009765625
95.840000000000003 95.859999999999999 1.40171488098 1.4019244724 0.0009765625
95.859999999999999 95.879999999999995 1.40170529267 1.4019148809799999 0.0009765625
95.879999999999995 95.900000000000006 1.4016957074800001 1.40190529267 0.0009765625
95.900000000000006 95.920000000000002 1.4016861253899999 1.40189570748 0.0009765625
95.920000000000002 95.939999999999998 1.4016765464100001 1.4018861253899999 0.0009765625
95.939999999999998 95.959999999999994 1.40166697053 1.40187654641 0.0009765625
95.959999999999994 95.980000000000004 1.40165739776 1.40186697053 0.0009765625
95.980000000000004 96 1.40164782809 1.40185739776 0.0009765625
96 96.019999999999996 1.40163826152 1.40184782809 0.0009765625
96.019999999999996 96.040000000000006 1.4016286980499999 1.40183826152 0.0009765625
96.040000000000006 96.060000000000002 1.40161913768 1.4018286980500001 0.0009765625
96.060000000000002 96.079999999999998 1.4016095803999999 1.40181913768 0.0009765625
96.079999999999998 96.099999999999994 1.4016000262199999 1.4018095803999999 0.0009765625
96.099999999999994 96.120000000000005 1.4015904751299999 1.4018000262200001 0.0009765625
96.120000000000005 96.140000000000001 1.4015809271399999 1.4017904751300001 0.0009765625
96.140000000000001 96.159999999999997 1.40157138223 1.4017809271399999 0.0009765625
96.159999999999997 96.180000000000007 1.4015618404100001 1.40177138223 0.0009765625
96.180000000000007 96.200000000000003 1.40155230167 1.4017618404100001 0.0009765625
96.200000000000003 96.219999999999999 1.4015427660199999 1.40175230167 0.0009765625
96.219999999999999 96.239999999999995 1.4015332334599999 1.4017427660199999 0.0009765625
96.239999999999995 96.260000000000005 1.4015237039699999 1.4017332334599999 0.0009765625
96.260000000000005 96.280000000000001 1.40151417757 1.4017237039699999 0.0009765625
96.280000000000001 96.299999999999997 1.40150465424 1.4017141775699999 0.0009765625
96.299999999999997 96.319999999999993 1.4014951339899999 1.40170465424 0.0009765625
96.319999999999993 96.340000000000003 1.4014856168100001 1.4016951339899999 0.0009765625
96.340000000000003 96.359999999999999 1.40147610271 1.40168561681 0.0009765625
96.359999999999999 96.379999999999995 1.40146659168 1.40167610271 0.0009765625
96.379999999999995 96.400000000000006 1.40145708372 1.40166659168 0.0009765625
96.400000000000006 96.420000000000002 1.40144757883 1.40165708372 0.0009765625
96.420000000000002 96.439999999999998 1.4014380770099999 1.40164757883 0.0009765625
96.439999999999998 96.459999999999994 1.40142857825 1.4016380770100001 0.0009765625
96.459999999999994 96.480000000000004 1.4014190825599999 1.40162857825 0.0009765625
96.480000000000004 96.5 1.4014095899300001 1.4016190825599999 0.0009765625
96.5 96.519999999999996 1.4014001003600001 1.4016095899300001 0.0009765625
96.519999999999996 96.540000000000006 1.4013906138400001 1.40160010036 0.0009765625
96.540000000000006 96.560000000000002 1.4013811303899999 1.4015906138400001 0.0009765625
96.560000000000002 96.579999999999998 1.40137164999 1.4015811303900001 0.0009765625
96.579999999999998 96.599999999999994 1.4013621726500001 1.4015716499899999 0.0009765625
96.599999999999994 96.620000000000005 1.40135269836 1.40156217265 0.0009765625
96.620000000000005 96.640000000000001 1.4013432271199999 1.40155269836 0.0009765625
96.640000000000001 96.659999999999997 1.4013337589299999 1.4015432271199999 0.0009765625
96.659999999999997 96.680000000000007 1.4013242937899999 1.4015337589300001 0.0009765625
96.680000000000007 96.700000000000003 1.4013148316899999 1.4015242937900001 0.0009765625
96.700000000000003 96.719999999999999 1.40130537264 1.4015148316899999 0.0009765625
96.719999999999999 96.739999999999995 1.4012959166400001 1.40150537264 0.0009765625
96.739999999999995 96.760000000000005 1.40128646367 1.4014959166400001 0.0009765625
96.760000000000005 96.780000000000001 1.4012770137499999 1.40148646367 0.0009765625
96.780000000000001 96.799999999999997 1.4012675668600001 1.4014770137499999 0.0009765625
96.799999999999997 96.819999999999993 1.4012581230200001 1.4014675668600001 0.0009765625
96.819999999999993 96.840000000000003 1.4012486822000001 1.4014581230200001 0.0009765625
96.840000000000003 96.859999999999999 1.4012392444199999 1.4014486822000001 0.0009765625
96.859999999999999 96.879999999999995 1.40122980968 1.4014392444199999 0.0009765625
96.879999999999995 96.900000000000006 1.4012203779600001 1.40142980968 0.0009765625
96.900000000000006 96.920000000000002 1.40121094928 1.4014203779600001 0.0009765625
96.920000000000002 96.939999999999998 1.4012015236199999 1.40141094928 0.0009765625
96.939999999999998 96.959999999999994 1.4011921009899999 1.4014015236199999 0.0009765625
96.959999999999994 96.980000000000004 1.4011826813799999 1.4013921009899999 0.0009765625
96.980000000000004 97 1.4011732647999999 1.4013826813800001 0.0009765625
97 97.019999999999996 1.40116385123 1.4013732647999999 0.0009765625
97.019999999999996 97.040000000000006 1.4011544406900001 1.40136385123 0.0009765625
97.040000000000006 97.060000000000002 1.4011450331699999 1.40135444069 0.0009765625
97.060000000000002 97.079999999999998 1.4011356286600001 1.4013450331699999 0.0009765625
97.079999999999998 97.099999999999994 1.40112622717 1.4013356286600001 0.0009765625
97.099999999999994 97.120000000000005 1.40111682869 1.40132622717 0.0009765625
97.120000000000005 97.140000000000001 1.40110743322 1.40131682869 0.0009765625
97.140000000000001 97.159999999999997 1.40109804077 1.40130743322 0.0009765625
97.159999999999997 97.180000000000007 1.40108865132 1.40129804077 0.0009765625
97.180000000000007 97.200000000000003 1.4010792648799999 1.40128865132 0.0009765625
97.200000000000003 97.219999999999999 1.40106988145 1.4012792648800001 0.0009765625
97.219999999999999 97.239999999999995 1.4010605010199999 1.40126988145 0.0009765625
97.239999999999995 97.260000000000005 1.4010511236000001 1.4012605010200001 0.0009765625
97.260000000000005 97.280000000000001 1.40104174918 1.4012511236 0.0009765625
97.280000000000001 97.299999999999997 1.40103237775 1.40124174918 0.0009765625
97.299999999999997 97.319999999999993 1.40102300933 1.40123237775 0.0009765625
97.319999999999993 97.340000000000003 1.4010136439 1.40122300933 0.0009765625
97.340000000000003 97.359999999999999 1.4010042814599999 1.4012136439 0.0009765625
97.359999999999999 97.379999999999995 1.40099492202 1.4012042814600001 0.0009765625
97.379999999999995 97.400000000000006 1.4009855655800001 1.40119492202 0.0009765625
97.400000000000006 97.420000000000002 1.40097621212 1.4011855655800001 0.0009765625
97.420000000000002 97.439999999999998 1.40096686165 1.40117621212 0.0009765625
97.439999999999998 97.459999999999994 1.4009575141699999 1.4011668616499999 0.0009765625
97.459999999999994 97.480000000000004 1.4009481696799999 1.4011575141699999 0.0009765625
97.480000000000004 97.5 1.4009388281699999 1.4011481696800001 0.0009765625
97.5 97.519999999999996 1.40092948964 1.4011388281699999 0.0009765625
97.519999999999996 97.540000000000006 1.4009201541 1.4011294896399999 0.0009765625
97.540000000000006 97.560000000000002 1.4009108215299999 1.4011201541 0.0009765625
97.560000000000002 97.579999999999998 1.40090149195 1.4011108215300001 0.0009765625
97.579999999999998 97.599999999999994 1.4008921653399999 1.40110149195 0.0009765625
97.599999999999994 97.620000000000005 1.4008828417000001 1.4010921653399999 0.0009765625
97.620000000000005 97.640000000000001 1.4008735210400001 1.4010828417000001 0.0009765625
97.640000000000001 97.659999999999997 1.4008642033500001 1.40107352104 0.0009765625
97.659999999999997 97.680000000000007 1.4008548886400001 1.40106420335 0.0009765625
97.680000000000007 97.700000000000003 1.4008455768900001 1.4010548886400001 0.0009765625
97.700000000000003 97.719999999999999 1.4008362681099999 1.4010455768900001 0.0009765625
97.719999999999999 97.739999999999995 1.40082696229 1.4010362681099999 0.0009765625
97.739999999999995 97.760000000000005 1.4008176594399999 1.40102696229 0.0009765625
97.760000000000005 97.780000000000001 1.40080835956 1.4010176594399999 0.0009765625
97.780000000000001 97.799999999999997 1.40079906263 1.40100835956 0.0009765625
97.799999999999997 97.819999999999993 1.4007897686699999 1.40099906263 0.0009765625
97.819999999999993 97.840000000000003 1.4007804776599999 1.4009897686699999 0.0009765625
97.840000000000003 97.859999999999999 1.4007711896099999 1.4009804776599999 0.0009765625
97.859999999999999 97.879999999999995 1.4007619045199999 1.4009711896099999 0.0009765625
97.879999999999995 97.900000000000006 1.40075262238 1.4009619045199999 0.0009765625
97.900000000000006 97.920000000000002 1.4007433432 1.40095262238 0.0009765625
97.920000000000002 97.939999999999998 1.4007340669599999 1.4009433432 0.0009765625
97.939999999999998 97.959999999999994 1.40072479368 1.4009340669599999 0.0009765625
97.959999999999994 97.980000000000004 1.4007155233399999 1.40092479368 0.0009765625
97.980000000000004 98 1.4007062559500001 1.4009155233399999 0.0009765625
98 98.019999999999996 1.4006969915 1.4009062559500001 0.0009765625
98.019999999999996 98.040000000000006 1.40068773 1.4008969915 0.0009765625
98.040000000000006 98.060000000000002 1.40067847144 1.40088773 0.0009765625
98.060000000000002 98.079999999999998 1.40066921582 1.40087847144 0.0009765625
98.079999999999998 98.099999999999994 1.4006599631400001 1.40086921582 0.0009765625
98.099999999999994 98.120000000000005 1.4006507133999999 1.4008599631400001 0.0009765625
98.120000000000005 98.140000000000001 1.40064146659 1.4008507133999999 0.0009765625
98.140000000000001 98.159999999999997 1.4006322227200001 1.40084146659 0.0009765625
98.159999999999997 98.180000000000007 1.40062298178 1.4008322227200001 0.0009765625
98.180000000000007 98.200000000000003 1.4006137437799999 1.40082298178 0.0009765625
98.200000000000003 98.219999999999999 1.4006045087000001 1.4008137437799999 0.0009765625
98.219999999999999 98.239999999999995 1.40059527655 1.4008045087000001 0.0009765625
98.239999999999995 98.260000000000005 1.40058604733 1.40079527655 0.0009765625
98.260000000000005 98.280000000000001 1.40057682104 1.40078604733 0.0009765625
98.280000000000001 98.299999999999997 1.4005675976700001 1.40077682104 0.0009765625
98.299999999999997 98.319999999999993 1.4005583772200001 1.40076759767 0.0009765625
98.319999999999993 98.340000000000003 1.4005491596899999 1.4007583772200001 0.0009765625
98.340000000000003 98.359999999999999 1.40053994508 1.4007491596899999 0.0009765625
98.359999999999999 98.379999999999995 1.4005307333899999 1.40073994508 0.0009765625
98.379999999999995 98.400000000000006 1.40052152462 1.4007307333900001 0.0009765625
98.400000000000006 98.420000000000002 1.4005123187599999 1.40072152462 0.0009765625
98.420000000000002 98.439999999999998 1.4005031158200001 1.4007123187599999 0.0009765625
98.439999999999998 98.459999999999994 1.40049391579 1.4007031158200001 0.0009765625
98.459999999999994 98.480000000000004 1.40048471867 1.40069391579 0.0009765625
98.480000000000004 98.5 1.40047552446 1.40068471867 0.0009765625
98.5 98.519999999999996 1.40046633316 1.40067552446 0.0009765625
98.519999999999996 98.540000000000006 1.40045714476 1.40066633316 0.0009765625
98.540000000000006 98.560000000000002 1.4004479592700001 1.40065714476 0.0009765625
98.560000000000002 98.579999999999998 1.4004387766799999 1.4006479592700001 0.0009765625
98.579999999999998 98.599999999999994 1.400429597 1.4006387766799999 0.0009765625
98.599999999999994 98.620000000000005 1.4004204202099999 1.400629597 0.0009765625
98.620000000000005 98.640000000000001 1.40041124633 1.4006204202100001 0.0009765625
98.640000000000001 98.659999999999997 1.4004020753399999 1.40061124633 0.0009765625
98.659999999999997 98.680000000000007 1.4003929072500001 1.4006020753399999 0.0009765625
98.680000000000007 98.700000000000003 1.40038374205 1.4005929072500001 0.0009765625
98.700000000000003 98.719999999999999 1.40037457974 1.40058374205 0.0009765625
98.719999999999999 98.739999999999995 1.40036542033 1.40057457974 0.0009765625
98.739999999999995 98.760000000000005 1.40035626381 1.40056542033 0.0009765625
98.760000000000005 98.780000000000001 1.40034711018 1.40055626381 0.0009765625
98.780000000000001 98.799999999999997 1.4003379594300001 1.40054711018 0.0009765625
98.799999999999997 98.819999999999993 1.4003288115700001 1.40053795943 0.0009765625
98.819999999999993 98.840000000000003 1.40031966659 1.4005288115700001 0.0009765625
98.840000000000003 98.859999999999999 1.4003105245 1.4005196665899999 0.0009765625
98.859999999999999 98.879999999999995 1.4003013852899999 1.4005105245 0.0009765625
98.879999999999995 98.900000000000006 1.40029224896 1.4005013852899999 0.0009765625
98.900000000000006 98.920000000000002 1.4002831155 1.40049224896 0.0009765625
98.920000000000002 98.939999999999998 1.4002739849300001 1.4004831154999999 0.0009765625
98.939999999999998 98.959999999999994 1.40026485723 1.4004739849300001 0.0009765625
98.959999999999994 98.980000000000004 1.4002557324 1.40046485723 0.0009765625
98.980000000000004 99 1.40024661045 1.4004557324 0.0009765625
99 99.019999999999996 1.40023749137 1.40044661045 0.0009765625
99.019999999999996 99.040000000000006 1.40022837516 1.40043749137 0.0009765625
99.040000000000006 99.060000000000002 1.40021926181 1.40042837516 0.0009765625
99.060000000000002 99.079999999999998 1.40021015134 1.40041926181 0.0009765625
99.079999999999998 99.099999999999994 1.4002010437300001 1.40041015134 0.0009765625
99.099999999999994 99.120000000000005 1.4001919389799999 1.4004010437300001 0.0009765625
99.120000000000005 99.140000000000001 1.4001828371 1.4003919389799999 0.0009765625
99.140000000000001 99.159999999999997 1.4001737380699999 1.4003828371 0.0009765625
99.159999999999997 99.180000000000007 1.40016464191 1.4003737380700001 0.0009765625
99.180000000000007 99.200000000000003 1.4001555486099999 1.40036464191 0.0009765625
99.200000000000003 99.219999999999999 1.4001464581600001 1.4003555486099999 0.0009765625
99.219999999999999 99.239999999999995 1.40013737057 1.40034645816 0.0009765625
99.239999999999995 99.260000000000005 1.4001282858299999 1.40033737057 0.0009765625
99.260000000000005 99.280000000000001 1.4001192039399999 1.4003282858299999 0.0009765625
99.280000000000001 99.299999999999997 1.4001101249100001 1.4003192039400001 0.0009765625
99.299999999999997 99.319999999999993 1.4001010487200001 1.4003101249100001 0.0009765625
99.319999999999993 99.340000000000003 1.4000919753900001 1.4003010487200001 0.0009765625
99.340000000000003 99.359999999999999 1.4000829049000001 1.4002919753900001 0.0009765625
99.359999999999999 99.379999999999995 1.4000738372499999 1.4002829049000001 0.0009765625
99.379999999999995 99.400000000000006 1.4000647724499999 1.4002738372500001 0.0009765625
99.400000000000006 99.420000000000002 1.4000557105 1.4002647724499999 0.0009765625
99.420000000000002 99.439999999999998 1.4000466513800001 1.4002557105 0.0009765625
99.439999999999998 99.459999999999994 1.4000375950999999 1.40024665138 0.0009765625
99.459999999999994 99.480000000000004 1.40002854167 1.4002375950999999 0.0009765625
99.480000000000004 99.5 1.4000194910599999 1.40022854167 0.0009765625
99.5 99.519999999999996 1.4000104433 1.4002194910600001 0.0009765625
99.519999999999996 99.540000000000006 1.4000013983699999 1.4002104433 0.0009765625
99.540000000000006 99.560000000000002 1.3999923562700001 1.4002013983699999 0.0009765625
99.560000000000002 99.579999999999998 1.399983317 1.40019235627 0.0009765625
99.579999999999998 99.599999999999994 1.39997428056 1.400183317 0.0009765625
99.599999999999994 99.620000000000005 1.3999652469499999 1.4001742805599999 0.0009765625
99.620000000000005 99.640000000000001 1.3999562161600001 1.4001652469500001 0.0009765625
99.640000000000001 99.659999999999997 1.3999471882100001 1.4001562161600001 0.0009765625
99.659999999999997 99.680000000000007 1.3999381630700001 1.4001471882100001 0.0009765625
99.680000000000007 99.700000000000003 1.3999291407600001 1.4001381630700001 0.0009765625
99.700000000000003 99.719999999999999 1.3999201212700001 1.4001291407600001 0.0009765625
99.719999999999999 99.739999999999995 1.3999111045999999 1.4001201212700001 0.0009765625
99.739999999999995 99.760000000000005 1.3999020907499999 1.4001111046000001 0.0009765625
99.760000000000005 99.780000000000001 1.39989307971 1.4001020907499999 0.0009765625
99.780000000000001 99.799999999999997 1.39988407149 1.40009307971 0.0009765625
99.799999999999997 99.819999999999993 1.3998750660899999 1.40008407149 0.0009765625
99.819999999999993 99.840000000000003 1.3998660635 1.4000750660900001 0.0009765625
99.840000000000003 99.859999999999999 1.3998570637100001 1.4000660635 0.0009765625
99.859999999999999 99.879999999999995 1.39984806674 1.40005706371 0.0009765625
99.879999999999995 99.900000000000006 1.3998390725800001 1.4000480667399999 0.0009765625
99.900000000000006 99.920000000000002 1.39983008123 1.40003907258 0.0009765625
99.920000000000002 99.939999999999998 1.3998210926800001 1.4000300812299999 0.0009765625
99.939999999999998 99.959999999999994 1.39981210693 1.4000210926800001 0.0009765625
99.959999999999994 99.980000000000004 1.39980312399 1.40001210693 0.0009765625
99.980000000000004 100 1.3997941438499999 1.4000031239899999 0.0009765625
