# Lifted counterexample, 4 -> 10: C_{4->10}(p) < 0 for every p in [69.5, 76.5]
claim 4 10 69.5 76.5 -
# p1 p2 lambda1 lambda2 tau0
69.5 69.519943019899998 1.3762832415699999 1.37689306801 0.000244140625
69.519943019899998 69.539886039899997 1.37627341997 1.3768832415700001 0.000244140625
69.539886039899997 69.559829059799995 1.37626360322 1.3768734199699999 0.000244140625
69.559829059799995 69.579772079799994 1.3762537913199999 1.3768636032199999 0.000244140625
69.579772079799994 69.599715099700006 1.3762439842600001 1.3768537913200001 0.000244140625
69.599715099700006 69.619658119700006 1.3762341820399999 1.37684398426 0.000244140625
69.619658119700006 69.639601139600003 1.37622438464 1.3768341820400001 0.000244140625
69.639601139600003 69.659544159500001 1.37621459208 1.3768243846399999 0.000244140625
69.659544159500001 69.679487179500001 1.3762048043499999 1.3768145920799999 0.000244140625
69.679487179500001 69.699430199399998 1.3761950214400001 1.3768048043500001 0.000244140625
69.699430199399998 69.719373219399998 1.3761852433399999 1.37679502144 0.000244140625
69.719373219399998 69.739316239299995 1.37617547007 1.3767852433400001 0.000244140625
69.739316239299995 69.759259259299995 1.3761657016 1.3767754700699999 0.000244140625
69.759259259299995 69.779202279200007 1.3761559379399999 1.3767657015999999 0.000244140625
69.779202279200007 69.799145299100005 1.37614617909 1.3767559379400001 0.000244140625
69.799145299100005 69.819088319100004 1.3761364250300001 1.37674617909 0.000244140625
69.819088319100004 69.839031339000002 1.3761266757699999 1.37673642503 0.000244140625
69.839031339000002 69.858974359000001 1.3761169313099999 1.3767266757700001 0.000244140625
69.858974359000001 69.878917378899999 1.3761071916300001 1.3767169313100001 0.000244140625
69.878917378899999 69.898860398899998 1.3760974567399999 1.37670719163 0.000244140625
69.898860398899998 69.918803418799996 1.37608772663 1.3766974567400001 0.000244140625
69.918803418799996 69.938746438699994 1.3760780013 1.3766877266299999 0.000244140625
69.938746438699994 69.958689458699993 1.37606828074 1.3766780013 0.000244140625
69.958689458699993 69.978632478600005 1.3760585649599999 1.3766682807399999 0.000244140625
69.978632478600005 69.998575498600005 1.37604885394 1.3766585649600001 0.000244140625
69.998575498600005 70.018518518500002 1.37603914769 1.3766488539399999 0.000244140625
70.018518518500002 70.038461538500002 1.37602944619 1.37663914769 0.000244140625
70.038461538500002 70.058404558399999 1.3760197494599999 1.3766294461899999 0.000244140625
70.058404558399999 70.078347578299997 1.37601005747 1.3766197494600001 0.000244140625
70.078347578299997 70.098290598299997 1.3760003702400001 1.37661005747 0.000244140625
70.098290598299997 70.118233618199994 1.3759906877500001 1.37660037024 0.000244140625
70.118233618199994 70.138176638199994 1.3759810100000001 1.37659068775 0.000244140625
70.138176638199994 70.158119658100006 1.37597133699 1.37658101 0.000244140625
70.158119658100006 70.178062678100005 1.37596166871 1.3765713369899999 0.000244140625
70.178062678100005 70.198005698000003 1.37595200517 1.37656166871 0.000244140625
70.198005698000003 70.217948717900001 1.37594234635 1.37655200517 0.000244140625
70.217948717900001 70.2378917379 1.3759326922499999 1.3765423463499999 0.000244140625
70.2378917379 70.257834757799998 1.37592304288 1.3765326922500001 0.000244140625
70.257834757799998 70.277777777799997 1.37591339822 1.3765230428799999 0.000244140625
70.277777777799997 70.297720797699995 1.37590375828 1.37651339822 0.000244140625
70.297720797699995 70.317663817699994 1.3758941230399999 1.3765037582799999 0.000244140625
70.317663817699994 70.337606837600006 1.37588449252 1.3764941230400001 0.000244140625
70.337606837600006 70.357549857500004 1.37587486669 1.3764844925199999 0.000244140625
70.357549857500004 70.377492877500003 1.37586524556 1.37647486669 0.000244140625
70.377492877500003 70.397435897400001 1.3758556291299999 1.3764652455599999 0.000244140625
70.397435897400001 70.417378917400001 1.37584601739 1.3764556291300001 0.000244140625
70.417378917400001 70.437321937299998 1.37583641033 1.3764460173899999 0.000244140625
70.437321937299998 70.457264957299998 1.37582680796 1.37643641033 0.000244140625
70.457264957299998 70.477207977199996 1.3758172102799999 1.3764268079599999 0.000244140625
70.477207977199996 70.497150997199995 1.37580761726 1.3764172102800001 0.000244140625
70.497150997199995 70.517094017100007 1.37579802893 1.3764076172599999 0.000244140625
70.517094017100007 70.537037037000005 1.37578844526 1.37639802893 0.000244140625
70.537037037000005 70.556980057000004 1.3757788662599999 1.3763884452599999 0.000244140625
70.556980057000004 70.576923076900002 1.37576929192 1.3763788662600001 0.000244140625
70.576923076900002 70.596866096900001 1.37575972224 1.3763692919199999 0.000244140625
70.596866096900001 70.616809116799999 1.3757501572199999 1.3763597222399999 0.000244140625
70.616809116799999 70.636752136799998 1.3757405968500001 1.3763501572200001 0.000244140625
70.636752136799998 70.656695156699996 1.3757310411300001 1.37634059685 0.000244140625
70.656695156699996 70.676638176599994 1.3757214900500001 1.37633104113 0.000244140625
70.676638176599994 70.696581196599993 1.37571194362 1.37632149005 0.000244140625
70.696581196599993 70.716524216500005 1.3757024018199999 1.37631194362 0.000244140625
70.716524216500005 70.736467236500005 1.37569286466 1.3763024018200001 0.000244140625
70.736467236500005 70.756410256400002 1.3756833321299999 1.3762928646599999 0.000244140625
70.756410256400002 70.776353276400002 1.3756738042300001 1.3762833321300001 0.000244140625
70.776353276400002 70.7962962963 1.3756642809599999 1.37627380423 0.000244140625
70.7962962963 70.816239316199997 1.3756547622999999 1.3762642809600001 0.000244140625
70.816239316199997 70.836182336199997 1.3756452482599999 1.3762547623000001 0.000244140625
70.836182336199997 70.856125356099994 1.37563573883 1.3762452482600001 0.000244140625
70.856125356099994 70.876068376099994 1.3756262340200001 1.3762357388299999 0.000244140625
70.876068376099994 70.896011396000006 1.37561673381 1.37622623402 0.000244140625
70.896011396000006 70.915954416000005 1.37560723821 1.37621673381 0.000244140625
70.915954416000005 70.935897435900003 1.3755977472000001 1.3762072382099999 0.000244140625
70.935897435900003 70.955840455800001 1.3755882607900001 1.3761977472 0.000244140625
70.955840455800001 70.9757834758 1.37557877898 1.37618826079 0.000244140625
70.9757834758 70.995726495699998 1.3755693017499999 1.37617877898 0.000244140625
70.995726495699998 71.015669515699997 1.37555982911 1.3761693017500001 0.000244140625
71.015669515699997 71.035612535599995 1.3755503610499999 1.3761598291099999 0.000244140625
71.035612535599995 71.055555555599994 1.3755408975800001 1.3761503610500001 0.000244140625
71.055555555599994 71.075498575500006 1.3755314386699999 1.37614089758 0.000244140625
71.075498575500006 71.095441595400004 1.3755219843399999 1.3761314386700001 0.000244140625
71.095441595400004 71.115384615400004 1.3755125345799999 1.3761219843400001 0.000244140625
71.115384615400004 71.135327635300001 1.37550308939 1.37611253458 0.000244140625
71.135327635300001 71.155270655300001 1.37549364875 1.3761030893899999 0.000244140625
71.155270655300001 71.175213675199998 1.37548421267 1.37609364875 0.000244140625
71.175213675199998 71.195156695199998 1.3754747811500001 1.3760842126699999 0.000244140625
71.195156695199998 71.215099715099996 1.3754653541799999 1.37607478115 0.000244140625
71.215099715099996 71.235042734999993 1.3754559317599999 1.3760653541800001 0.000244140625
71.235042734999993 71.254985755000007 1.3754465138900001 1.3760559317600001 0.000244140625
71.254985755000007 71.274928774900005 1.3754371005499999 1.37604651389 0.000244140625
71.274928774900005 71.294871794900004 1.3754276917499999 1.3760371005500001 0.000244140625
71.294871794900004 71.314814814800002 1.3754182874900001 1.3760276917500001 0.000244140625
71.314814814800002 71.334757834800001 1.3754088877599999 1.37601828749 0.000244140625
71.334757834800001 71.354700854699999 1.3753994925499999 1.3760088877600001 0.000244140625
71.354700854699999 71.374643874599997 1.3753901018700001 1.3759994925500001 0.000244140625
71.374643874599997 71.394586894599996 1.37538071572 1.37599010187 0.000244140625
71.394586894599996 71.414529914499994 1.37537133407 1.3759807157199999 0.000244140625
71.414529914499994 71.434472934499993 1.37536195695 1.3759713340699999 0.000244140625
71.434472934499993 71.454415954400005 1.3753525843300001 1.3759619569499999 0.000244140625
71.454415954400005 71.474358974400005 1.3753432162200001 1.37595258433 0.000244140625
71.474358974400005 71.494301994300002 1.3753338526200001 1.37594321622 0.000244140625
71.494301994300002 71.5142450142 1.37532449351 1.37593385262 0.000244140625
71.5142450142 71.5341880342 1.3753151389 1.3759244935099999 0.000244140625
71.5341880342 71.554131054099997 1.37530578879 1.3759151388999999 0.000244140625
71.554131054099997 71.574074074099997 1.3752964431700001 1.3759057887899999 0.000244140625
71.574074074099997 71.594017093999994 1.3752871020299999 1.37589644317 0.000244140625
71.594017093999994 71.613960113999994 1.3752777653799999 1.3758871020300001 0.000244140625
71.613960113999994 71.633903133900006 1.37526843321 1.3758777653800001 0.000244140625
71.633903133900006 71.653846153800004 1.3752591055100001 1.37586843321 0.000244140625
71.653846153800004 71.673789173800003 1.3752497822900001 1.37585910551 0.000244140625
71.673789173800003 71.693732193700001 1.37524046354 1.37584978229 0.000244140625
71.693732193700001 71.7136752137 1.37523114926 1.3758404635399999 0.000244140625
71.7136752137 71.733618233599998 1.37522183944 1.3758311492599999 0.000244140625
71.733618233599998 71.753561253599997 1.3752125340800001 1.3758218394399999 0.000244140625
71.753561253599997 71.773504273499995 1.3752032331799999 1.37581253408 0.000244140625
71.773504273499995 71.793447293400007 1.3751939367299999 1.3758032331800001 0.000244140625
71.793447293400007 71.813390313400006 1.37518464473 1.3757939367300001 0.000244140625
71.813390313400006 71.833333333300004 1.3751753571800001 1.37578464473 0.000244140625
71.833333333300004 71.853276353300004 1.37516607407 1.37577535718 0.000244140625
71.853276353300004 71.873219373200001 1.3751567953999999 1.37576607407 0.000244140625
71.873219373200001 71.893162393200001 1.3751475211699999 1.3757567954000001 0.000244140625
71.893162393200001 71.913105413099998 1.3751382513699999 1.3757475211700001 0.000244140625
71.913105413099998 71.933048432999996 1.37512898601 1.3757382513700001 0.000244140625
71.933048432999996 71.952991452999996 1.37511972507 1.3757289860099999 0.000244140625
71.952991452999996 71.972934472899993 1.37511046855 1.37571972507 0.000244140625
71.972934472899993 71.992877492900007 1.3751012164600001 1.3757104685499999 0.000244140625
71.992877492900007 72.012820512800005 1.3750919687800001 1.37570121646 0.000244140625
72.012820512800005 72.032763532800004 1.37508272552 1.37569196878 0.000244140625
72.032763532800004 72.052706552700002 1.3750734866700001 1.3756827255199999 0.000244140625
72.052706552700002 72.0726495726 1.3750642522200001 1.37567348667 0.000244140625
72.0726495726 72.092592592599999 1.37505502218 1.37566425222 0.000244140625
72.092592592599999 72.112535612499997 1.37504579654 1.3756550221799999 0.000244140625
72.112535612499997 72.132478632499996 1.3750365753 1.37564579654 0.000244140625
72.132478632499996 72.152421652399994 1.3750273584499999 1.3756365752999999 0.000244140625
72.152421652399994 72.172364672399993 1.3750181459999999 1.3756273584500001 0.000244140625
72.172364672399993 72.192307692300005 1.3750089379299999 1.3756181460000001 0.000244140625
72.192307692300005 72.212250712300005 1.37499973425 1.3756089379300001 0.000244140625
72.212250712300005 72.232193732200003 1.37499053494 1.3755997342499999 0.000244140625
72.232193732200003 72.2521367521 1.3749813400199999 1.3755905349399999 0.000244140625
72.2521367521 72.2720797721 1.37497214947 1.3755813400200001 0.000244140625
72.2720797721 72.292022791999997 1.37496296329 1.3755721494699999 0.000244140625
72.292022791999997 72.311965811999997 1.3749537814799999 1.3755629632899999 0.000244140625
72.311965811999997 72.331908831899995 1.37494460404 1.3755537814800001 0.000244140625
72.331908831899995 72.351851851899994 1.3749354309499999 1.3755446040399999 0.000244140625
72.351851851899994 72.371794871800006 1.37492626223 1.3755354309500001 0.000244140625
72.371794871800006 72.391737891700004 1.37491709786 1.37552626223 0.000244140625
72.391737891700004 72.411680911700003 1.37490793784 1.37551709786 0.000244140625
72.411680911700003 72.431623931600001 1.3748987821800001 1.3755079378399999 0.000244140625
72.431623931600001 72.4515669516 1.37488963086 1.37549878218 0.000244140625
72.4515669516 72.471509971499998 1.3748804838799999 1.37548963086 0.000244140625
72.471509971499998 72.491452991499997 1.37487134124 1.3754804838800001 0.000244140625
72.491452991499997 72.511396011399995 1.3748622029299999 1.3754713412399999 0.000244140625
72.511396011399995 72.531339031300007 1.37485306896 1.3754622029300001 0.000244140625
72.531339031300007 72.551282051300007 1.37484393932 1.37545306896 0.000244140625
72.551282051300007 72.571225071200004 1.37483481401 1.37544393932 0.000244140625
72.571225071200004 72.591168091200004 1.37482569302 1.3754348140099999 0.000244140625
72.591168091200004 72.611111111100001 1.37481657634 1.37542569302 0.000244140625
72.611111111100001 72.631054131100001 1.3748074639900001 1.3754165763399999 0.000244140625
72.631054131100001 72.650997150999999 1.3747983559500001 1.37540746399 0.000244140625
72.650997150999999 72.670940170899996 1.37478925222 1.37539835595 0.000244140625
72.670940170899996 72.690883190899996 1.3747801528000001 1.37538925222 0.000244140625
72.690883190899996 72.710826210799993 1.3747710576800001 1.3753801528 0.000244140625
72.710826210799993 72.730769230799993 1.37476196686 1.37537105768 0.000244140625
72.730769230799993 72.750712250700005 1.37475288034 1.3753619668599999 0.000244140625
72.750712250700005 72.770655270700004 1.3747437981199999 1.3753528803399999 0.000244140625
72.770655270700004 72.790598290600002 1.37473472019 1.3753437981200001 0.000244140625
72.790598290600002 72.8105413105 1.37472564654 1.3753347201899999 0.000244140625
72.8105413105 72.830484330499999 1.3747165771800001 1.3753256465399999 0.000244140625
72.830484330499999 72.850427350399997 1.3747075121100001 1.37531657718 0.000244140625
72.850427350399997 72.870370370399996 1.37469845131 1.37530751211 0.000244140625
72.870370370399996 72.890313390299994 1.3746893947900001 1.3752984513099999 0.000244140625
72.890313390299994 72.910256410299993 1.37468034254 1.37528939479 0.000244140625
72.910256410299993 72.930199430200005 1.3746712945599999 1.37528034254 0.000244140625
72.930199430200005 72.950142450100003 1.3746622508399999 1.3752712945600001 0.000244140625
72.950142450100003 72.970085470100003 1.3746532113900001 1.3752622508400001 0.000244140625
72.970085470100003 72.99002849 1.3746441761999999 1.37525321139 0.000244140625
72.99002849 73.00997151 1.3746351452700001 1.3752441762000001 0.000244140625
73.00997151 73.029914529899997 1.3746261185899999 1.37523514527 0.000244140625
73.029914529899997 73.049857549899997 1.3746170961599999 1.3752261185900001 0.000244140625
73.049857549899997 73.069800569799995 1.3746080779800001 1.3752170961600001 0.000244140625
73.069800569799995 73.089743589700007 1.3745990640400001 1.37520807798 0.000244140625
73.089743589700007 73.109686609700006 1.37459005434 1.37519906404 0.000244140625
73.109686609700006 73.129629629600004 1.3745810488900001 1.37519005434 0.000244140625
73.129629629600004 73.149572649600003 1.3745720476600001 1.37518104889 0.000244140625
73.149572649600003 73.169515669500001 1.37456305067 1.37517204766 0.000244140625
73.169515669500001 73.1894586895 1.37455405791 1.3751630506700001 0.000244140625
73.1894586895 73.209401709399998 1.3745450693800001 1.3751540579099999 0.000244140625
73.209401709399998 73.229344729299996 1.3745360850699999 1.37514506938 0.000244140625
73.229344729299996 73.249287749299995 1.3745271049700001 1.3751360850700001 0.000244140625
73.249287749299995 73.269230769200007 1.3745181290999999 1.37512710497 0.000244140625
73.269230769200007 73.289173789200007 1.3745091574299999 1.3751181291000001 0.000244140625
73.289173789200007 73.309116809100004 1.37450018998 1.3751091574300001 0.000244140625
73.309116809100004 73.329059829100004 1.37449122674 1.3751001899799999 0.000244140625
73.329059829100004 73.349002849000001 1.3744822676999999 1.37509122674 0.000244140625
73.349002849000001 73.368945868899999 1.37447331286 1.3750822677000001 0.000244140625
73.368945868899999 73.388888888899999 1.3744643622099999 1.3750733128599999 0.000244140625
73.388888888899999 73.408831908799996 1.37445541577 1.3750643622100001 0.000244140625
73.408831908799996 73.428774928799996 1.3744464735099999 1.3750554157699999 0.000244140625
73.428774928799996 73.448717948699993 1.37443753545 1.3750464735100001 0.000244140625
73.448717948699993 73.468660968699993 1.37442860157 1.37503753545 0.000244140625
73.468660968699993 73.488603988600005 1.3744196718699999 1.37502860157 0.000244140625
73.488603988600005 73.508547008500003 1.3744107463599999 1.3750196718700001 0.000244140625
73.508547008500003 73.528490028500002 1.3744018250100001 1.3750107463600001 0.000244140625
73.528490028500002 73.5484330484 1.3743929078499999 1.37500182501 0.000244140625
73.5484330484 73.568376068399999 1.3743839948500001 1.3749929078500001 0.000244140625
73.568376068399999 73.588319088299997 1.3743750860199999 1.37498399485 0.000244140625
73.588319088299997 73.608262108299996 1.3743661813600001 1.3749750860200001 0.000244140625
73.608262108299996 73.628205128199994 1.37435728086 1.37496618136 0.000244140625
73.628205128199994 73.648148148100006 1.37434838451 1.3749572808599999 0.000244140625
73.648148148100006 73.668091168100005 1.3743394923300001 1.3749483845099999 0.000244140625
73.668091168100005 73.688034188000003 1.3743306042900001 1.37493949233 0.000244140625
73.688034188000003 73.707977208000003 1.3743217204 1.37493060429 0.000244140625
73.707977208000003 73.7279202279 1.37431284066 1.3749217203999999 0.000244140625
73.7279202279 73.7478632479 1.37430396507 1.37491284066 0.000244140625
73.7478632479 73.767806267799997 1.37429509361 1.3749039650699999 0.000244140625
73.767806267799997 73.787749287699995 1.37428622629 1.37489509361 0.000244140625
73.787749287699995 73.807692307699995 1.37427736311 1.3748862262899999 0.000244140625
73.807692307699995 73.827635327600007 1.37426850405 1.37487736311 0.000244140625
73.827635327600007 73.847578347600006 1.3742596491300001 1.3748685040499999 0.000244140625
73.847578347600006 73.867521367500004 1.3742507983300001 1.37485964913 0.000244140625
73.867521367500004 73.887464387500003 1.37424195165 1.37485079833 0.000244140625
73.887464387500003 73.907407407400001 1.37423310909 1.3748419516499999 0.000244140625
73.907407407400001 73.9273504274 1.3742242706500001 1.3748331090899999 0.000244140625
73.9273504274 73.947293447299998 1.3742154363200001 1.37482427065 0.000244140625
73.947293447299998 73.967236467199996 1.37420660611 1.37481543632 0.000244140625
73.967236467199996 73.987179487199995 1.37419778 1.3748066061099999 0.000244140625
73.987179487199995 74.007122507099993 1.37418895799 1.37479778 0.000244140625
74.007122507099993 74.027065527100007 1.37418014009 1.3747889579899999 0.000244140625
74.027065527100007 74.047008547000004 1.3741713262799999 1.3747801400899999 0.000244140625
74.047008547000004 74.066951567000004 1.37416251657 1.3747713262800001 0.000244140625
74.066951567000004 74.086894586900002 1.3741537109499999 1.3747625165699999 0.000244140625
74.086894586900002 74.106837606799999 1.37414490942 1.3747537109500001 0.000244140625
74.106837606799999 74.126780626799999 1.37413611198 1.3747449094199999 0.000244140625
74.126780626799999 74.146723646699996 1.37412731863 1.3747361119799999 0.000244140625
74.146723646699996 74.166666666699996 1.37411852935 1.37472731863 0.000244140625
74.166666666699996 74.186609686599994 1.3741097441500001 1.3747185293499999 0.000244140625
74.186609686599994 74.206552706599993 1.3741009630300001 1.37470974415 0.000244140625
74.206552706599993 74.226495726500005 1.3740921859699999 1.37470096303 0.000244140625
74.226495726500005 74.246438746400003 1.3740834129899999 1.3746921859700001 0.000244140625
74.246438746400003 74.266381766400002 1.37407464407 1.3746834129900001 0.000244140625
74.266381766400002 74.2863247863 1.37406587922 1.37467464407 0.000244140625
74.2863247863 74.306267806299999 1.3740571184199999 1.3746658792199999 0.000244140625
74.306267806299999 74.326210826199997 1.3740483616900001 1.37465711842 0.000244140625
74.326210826199997 74.346153846199996 1.374039609 1.37464836169 0.000244140625
74.346153846199996 74.366096866099994 1.37403086037 1.3746396089999999 0.000244140625
74.366096866099994 74.386039886000006 1.3740221157900001 1.3746308603699999 0.000244140625
74.386039886000006 74.405982906000006 1.3740133752499999 1.37462211579 0.000244140625
74.405982906000006 74.425925925900003 1.37400463876 1.37461337525 0.000244140625
74.425925925900003 74.445868945900003 1.3739959063 1.3746046387599999 0.000244140625
74.445868945900003 74.4658119658 1.3739871778899999 1.3745959062999999 0.000244140625
74.4658119658 74.4857549858 1.3739784534999999 1.3745871778900001 0.000244140625
74.4857549858 74.505698005699998 1.37396973315 1.3745784535000001 0.000244140625
74.505698005699998 74.525641025599995 1.37396101682 1.37456973315 0.000244140625
74.525641025599995 74.545584045599995 1.3739523045199999 1.37456101682 0.000244140625
74.545584045599995 74.565527065500007 1.37394359625 1.3745523045200001 0.000244140625
74.565527065500007 74.585470085500006 1.3739348919900001 1.3745435962500001 0.000244140625
74.585470085500006 74.605413105400004 1.3739261917500001 1.37453489199 0.000244140625
74.605413105400004 74.625356125400003 1.37391749552 1.37452619175 0.000244140625
74.625356125400003 74.645299145300001 1.3739088033 1.3745174955199999 0.000244140625
74.645299145300001 74.665242165199999 1.3739001150900001 1.3745088032999999 0.000244140625
74.665242165199999 74.685185185199998 1.3738914308900001 1.37450011509 0.000244140625
74.685185185199998 74.705128205099996 1.37388275069 1.37449143089 0.000244140625
74.705128205099996 74.725071225099995 1.37387407448 1.3744827506899999 0.000244140625
74.725071225099995 74.745014244999993 1.3738654022800001 1.3744740744799999 0.000244140625
74.745014244999993 74.764957265000007 1.3738567340600001 1.37446540228 0.000244140625
74.764957265000007 74.784900284900004 1.37384806984 1.37445673406 0.000244140625
74.784900284900004 74.804843304800002 1.3738394096 1.3744480698399999 0.000244140625
74.804843304800002 74.824786324800002 1.37383075335 1.3744394096000001 0.000244140625
74.824786324800002 74.844729344699999 1.37382210109 1.37443075335 0.000244140625
74.844729344699999 74.864672364699999 1.3738134527999999 1.37442210109 0.000244140625
74.864672364699999 74.884615384599996 1.3738048084900001 1.3744134528 0.000244140625
74.884615384599996 74.904558404599996 1.3737961681499999 1.37440480849 0.000244140625
74.904558404599996 74.924501424499994 1.3737875317799999 1.3743961681500001 0.000244140625
74.924501424499994 74.944444444400006 1.37377889938 1.3743875317800001 0.000244140625
74.944444444400006 74.964387464400005 1.3737702709399999 1.3743788993799999 0.000244140625
74.964387464400005 74.984330484300003 1.37376164647 1.3743702709400001 0.000244140625
74.984330484300003 75.004273504300002 1.3737530259599999 1.3743616464699999 0.000244140625
75.004273504300002 75.0242165242 1.3737444094 1.3743530259600001 0.000244140625
75.0242165242 75.044159544199999 1.3737357967899999 1.3743444093999999 0.000244140625
75.044159544199999 75.064102564099997 1.3737271881399999 1.3743357967900001 0.000244140625
75.064102564099997 75.084045583999995 1.3737185834400001 1.3743271881400001 0.000244140625
75.084045583999995 75.103988603999994 1.3737099826800001 1.37431858344 0.000244140625
75.103988603999994 75.123931623900006 1.37370138586 1.37430998268 0.000244140625
75.123931623900006 75.143874643900006 1.37369279298 1.3743013858599999 0.000244140625
75.143874643900006 75.163817663800003 1.3736842040399999 1.37429279298 0.000244140625
75.163817663800003 75.183760683800003 1.3736756190299999 1.3742842040400001 0.000244140625
75.183760683800003 75.2037037037 1.37366703796 1.3742756190300001 0.000244140625
75.2037037037 75.223646723599998 1.37365846081 1.3742670379599999 0.000244140625
75.223646723599998 75.243589743599998 1.3736498875900001 1.3742584608099999 0.000244140625
75.243589743599998 75.263532763499995 1.37364131829 1.37424988759 0.000244140625
75.263532763499995 75.283475783499995 1.3736327529100001 1.37424131829 0.000244140625
75.283475783499995 75.303418803400007 1.37362419144 1.37423275291 0.000244140625
75.303418803400007 75.323361823400006 1.3736156339000001 1.37422419144 0.000244140625
75.323361823400006 75.343304843300004 1.37360708026 1.3742156339 0.000244140625
75.343304843300004 75.363247863200002 1.37359853053 1.3742070802599999 0.000244140625
75.363247863200002 75.383190883200001 1.3735899847099999 1.37419853053 0.000244140625
75.383190883200001 75.403133903099999 1.3735814427899999 1.3741899847100001 0.000244140625
75.403133903099999 75.423076923099998 1.37357290477 1.3741814427900001 0.000244140625
75.423076923099998 75.443019942999996 1.37356437065 1.37417290477 0.000244140625
75.443019942999996 75.462962962999995 1.3735558404299999 1.37416437065 0.000244140625
75.462962962999995 75.482905982899993 1.3735473140900001 1.3741558404300001 0.000244140625
75.482905982899993 75.502849002800005 1.3735387916499999 1.37414731409 0.000244140625
75.502849002800005 75.522792022800004 1.3735302730900001 1.3741387916500001 0.000244140625
75.522792022800004 75.542735042700002 1.3735217584199999 1.37413027309 0.000244140625
75.542735042700002 75.562678062700002 1.37351324762 1.3741217584200001 0.000244140625
75.562678062700002 75.582621082599999 1.3735047407100001 1.37411324762 0.000244140625
75.582621082599999 75.602564102599999 1.37349623767 1.37410474071 0.000244140625
75.602564102599999 75.622507122499997 1.3734877384999999 1.3740962376700001 0.000244140625
75.622507122499997 75.642450142499996 1.37347924321 1.3740877385000001 0.000244140625
75.642450142499996 75.662393162399994 1.37347075178 1.37407924321 0.000244140625
75.662393162399994 75.682336182300006 1.3734622642100001 1.3740707517799999 0.000244140625
75.682336182300006 75.702279202300005 1.37345378051 1.37406226421 0.000244140625
75.702279202300005 75.722222222200003 1.37344530067 1.3740537805099999 0.000244140625
75.722222222200003 75.742165242200002 1.3734368246799999 1.37404530067 0.000244140625
75.742165242200002 75.7621082621 1.37342835255 1.3740368246800001 0.000244140625
75.7621082621 75.782051282099999 1.3734198842600001 1.3740283525500001 0.000244140625
75.782051282099999 75.801994301999997 1.37341141983 1.37401988426 0.000244140625
75.801994301999997 75.821937321899995 1.3734029592400001 1.37401141983 0.000244140625
75.821937321899995 75.841880341899994 1.3733945024900001 1.37400295924 0.000244140625
75.841880341899994 75.861823361800006 1.3733860495900001 1.37399450249 0.000244140625
75.861823361800006 75.881766381800006 1.37337760052 1.37398604959 0.000244140625
75.881766381800006 75.901709401700003 1.37336915529 1.37397760052 0.000244140625
75.901709401700003 75.921652421700003 1.3733607138799999 1.37396915529 0.000244140625
75.921652421700003 75.941595441600001 1.3733522763099999 1.3739607138800001 0.000244140625
75.941595441600001 75.961538461499998 1.37334384256 1.3739522763100001 0.000244140625
75.961538461499998 75.981481481499998 1.3733354126399999 1.3739438425599999 0.000244140625
75.981481481499998 76.001424501399995 1.37332698654 1.3739354126400001 0.000244140625
76.001424501399995 76.021367521399995 1.3733185642500001 1.3739269865399999 0.000244140625
76.021367521399995 76.041310541300007 1.3733101457900001 1.37391856425 0.000244140625
76.041310541300007 76.061253561300006 1.37330173113 1.37391014579 0.000244140625
76.061253561300006 76.081196581200004 1.37329332029 1.3739017311299999 0.000244140625
76.081196581200004 76.101139601100002 1.37328491325 1.3738933202900001 0.000244140625
76.101139601100002 76.121082621100001 1.37327651002 1.37388491325 0.000244140625
76.121082621100001 76.141025640999999 1.37326811059 1.3738765100200001 0.000244140625
76.141025640999999 76.160968660999998 1.3732597149600001 1.3738681105899999 0.000244140625
76.160968660999998 76.180911680899996 1.3732513231200001 1.37385971496 0.000244140625
76.180911680899996 76.200854700899995 1.3732429350899999 1.37385132312 0.000244140625
76.200854700899995 76.220797720799993 1.3732345508399999 1.3738429350900001 0.000244140625
76.220797720799993 76.240740740700005 1.3732261703799999 1.3738345508400001 0.000244140625
76.240740740700005 76.260683760700005 1.3732177937100001 1.3738261703800001 0.000244140625
76.260683760700005 76.280626780600002 1.3732094208200001 1.37381779371 0.000244140625
76.280626780600002 76.300569800600002 1.37320105171 1.37380942082 0.000244140625
76.300569800600002 76.320512820499999 1.3731926863799999 1.3738010517100001 0.000244140625
76.320512820499999 76.340455840499999 1.37318432482 1.3737926863800001 0.000244140625
76.340455840499999 76.360398860399997 1.3731759670399999 1.3737843248199999 0.000244140625
76.360398860399997 76.380341880299994 1.3731676130299999 1.37377596704 0.000244140625
76.380341880299994 76.400284900299994 1.37315926279 1.3737676130300001 0.000244140625
76.400284900299994 76.420227920200006 1.37315091631 1.3737592627899999 0.000244140625
76.420227920200006 76.440170940200005 1.37314257359 1.3737509163099999 0.000244140625
76.440170940200005 76.460113960100003 1.37313423464 1.37374257359 0.000244140625
76.460113960100003 76.480056980100002 1.37312589944 1.3737342346400001 0.000244140625
76.480056980100002 76.5 1.3731175679900001 1.3737258994399999 0.000244140625
